0.77227724
1.5369081
2.2939684
3.043533
3.7856762
4.5204716
5.247991
5.9683084
6.6814938
7.3876176
8.08675
8.77896
9.464316
10.142887
10.814739
11.479939
12.138554
12.790647
13.436284
14.075529
14.708445
15.3350935
15.955539
16.56984
17.178059
17.780256
18.376492
18.966824
19.551311
20.13001
20.70298
21.260378
21.812256
22.35867
22.899673
23.43532
23.965664
24.490757
25.01065
25.525396
26.035046
26.53965
27.039259
27.533918
28.023682
28.508596
28.988708
29.464067
29.934721
30.400715
30.862095
31.318905
31.771193
32.219
32.662376
33.10136
33.536
33.966335
34.39241
34.814266
35.231945
35.645493
36.153954
36.65738
37.15582
37.649326
38.137947
38.62173
39.100723
39.574974
40.04453
40.509434
40.969738
41.42548
41.876713
42.32348
42.76582
43.20378
43.637405
44.06674
44.49182
44.912693
45.329403
45.741985
46.150482
46.554935
46.955383
47.351864
47.744423
48.133095
48.517918
48.89893
49.27617
49.679375
50.07859
50.47385
50.8652
51.252674
51.636314
52.01615
52.39223
52.764587
53.13326
53.498276
53.85968
54.217503
54.57179
54.92256
55.269863
55.613728
55.954185
56.29127
56.62502
56.955463
57.28264
57.60657
57.9273
58.24485
58.559258
58.870552
59.178764
59.483925
59.786064
60.085213
60.3814
60.605347
60.827076
61.046608
61.263966
61.47917
61.69225
61.903217
62.1121
62.31891
62.52367
62.726406
62.927135
63.125874
63.322647
63.51747
63.710365
63.901352
64.09045
64.277664
64.463036
64.64657
64.828285
65.0082
65.18634
65.36271
65.53734
65.710236
65.881424
66.05092
66.21873
66.38488
66.48008
66.57433
66.667656
66.760056
66.85154
66.942116
67.0318
67.12059
67.2085
67.29555
67.38173
67.46706
67.55154
67.635185
67.718
67.8
67.881195
67.96158
68.04117
68.119965
68.19798
68.27523
68.351715
68.42744
68.50241
68.576645
68.65015
68.722916
68.79497
68.8663
68.936935
69.00687
69.0365
69.06584
69.094894
69.12366
69.15214
69.180336
69.20825
69.23589
69.26326
69.29036
69.31719
69.34376
69.370056
69.396095
69.421875
69.4474
69.47268
69.4977
69.522484
69.54701
69.5713
69.595345
69.619156
69.64273
69.66607
69.68918
69.71206
69.73471
69.75714
69.77934
69.80133
69.8231
69.79514
69.76746
69.74007
69.71294
69.68607
69.65948
69.63315
69.60708
69.58127
69.55571
69.5304
69.50535
69.480545
69.455986
69.43167
69.40759
69.38376
69.36016
69.33679
69.31365
69.29075
69.26807
69.24561
69.22338
69.20136
69.179565
69.15798
69.13662
69.11546
69.09452
69.12329
69.15177
69.110664
69.06996
69.02966
68.98977
68.95027
68.91116
68.87244
68.8341
68.796135
68.758545
68.72133
68.68449
68.64801
68.61189
68.57613
68.540726
68.50567
68.47096
68.4366
68.40257
68.36888
68.335526
68.302505
68.269806
68.23743
68.205376
68.17364
68.14221
68.1111
68.0803
68.0498
68.0196
67.9897
67.9304
67.87168
67.813545
67.75598
67.69899
67.64256
67.58669
67.53138
67.476616
67.42239
67.368706
67.31555
67.262924
67.210815
67.159225
67.10814
67.05756
67.00749
66.95791
66.90882
66.86022
66.812096
66.76445
66.71728
66.67057
66.62433
66.57854
66.5332
66.48832
66.44388
66.39988
66.356316
66.28348
66.211365
66.13997
66.069275
65.99928
65.929985
65.861374
65.793434
65.72617
65.65958
65.593636
65.52835
65.463715
65.39972
65.33635
65.27361
65.2115
65.15
65.08911
65.028824
64.96913
64.910034
64.85152
64.79358
64.73621
64.67942
64.623184
64.567505
64.51238
64.4578
64.40376
64.350266
64.29729
64.22504
64.1535
64.08268
64.01256
63.943127
63.93379
63.924545
63.915394
63.906334
63.897358
63.888474
63.879677
63.870968
63.862343
63.853806
63.84535
63.836975
63.828686
63.82048
63.812355
63.80431
63.79635
63.788464
63.780655
63.772926
63.76527
63.75769
63.750187
63.74276
63.735405
63.728123
63.720917
63.71378
63.70671
63.67991
63.653374
63.6271
63.60109
63.575336
63.54984
63.524593
63.4996
63.47485
63.450344
63.426083
63.40206
63.378277
63.35473
63.331413
63.308327
63.28547
63.26284
63.240437
63.21825
63.19629
63.174545
63.153015
63.131702
63.1106
63.089703
63.06901
63.048527
63.028244
63.00816
62.988277
62.96859
62.949097
62.9298
62.890892
62.85237
62.81423
62.77647
62.73908
62.702057
62.6654
62.62911
62.593174
62.5576
62.522373
62.4875
62.45297
62.41878
62.38493
62.351418
62.318233
62.285378
62.252846
62.220642
62.18876
62.15719
62.125927
62.09498
62.06434
62.034
62.00396
61.974216
61.94477
61.915615
61.88675
61.858166
61.829865
61.801846
61.764202
61.726936
61.690037
61.653503
61.617332
61.58152
61.54606
61.51095
61.476185
61.44177
61.407692
61.37395
61.340546
61.307472
61.274723
61.2423
61.210197
61.17841
61.14694
61.11578
61.08493
61.054386
61.024143
60.9942
60.964554
60.935204
60.906143
60.87737
60.84888
60.820675
60.792747
60.7651
60.73772
60.710613
60.683777
60.667107
60.650597
60.634254
60.618073
60.60205
60.58619
60.570488
60.55494
60.539547
60.524303
60.50921
60.494267
60.479473
60.464825
60.45032
60.435963
60.421745
60.407665
60.463036
60.51786
60.57214
60.62588
60.67909
60.73177
60.783928
60.83557
60.886703
60.937332
60.98746
61.03709
61.086227
61.134876
61.18305
61.23074
61.277958
61.32471
61.331398
61.338017
61.34457
61.35106
61.357483
61.363842
61.37014
61.376377
61.382553
61.388668
61.39472
61.40071
61.406647
61.41252
61.418335
61.424095
61.4298
61.435444
61.441032
61.446564
61.45204
61.457466
61.462837
61.468155
61.47342
61.47863
61.48379
61.4889
61.49396
61.49897
61.50393
61.508842
61.513706
61.51852
61.52329
61.52801
61.532684
61.557114
61.581303
61.60525
61.62896
61.652435
61.67568
61.698692
61.721478
61.744038
61.766373
61.788486
61.810383
61.83206
61.853527
61.87478
61.89582
61.916653
61.93728
61.957703
61.977924
61.997944
62.017765
62.03739
62.056824
62.076065
62.09511
62.11397
62.132645
62.151134
62.169437
62.18756
62.205505
62.223274
62.240868
62.258286
62.27553
62.292606
62.349117
62.405067
62.460464
62.515312
62.56962
62.623386
62.676624
62.729332
62.781517
62.833187
62.884346
62.934998
62.98515
63.0348
63.08396
63.132633
63.180824
63.22854
63.275784
63.322556
63.368866
63.41472
63.460117
63.505066
63.549572
63.732246
63.913116
64.09219
64.2695
64.44505
64.618866
64.790955
64.96134
65.13004
65.29707
65.46245
65.62618
65.7883
65.889404
65.98951
66.08862
66.18675
66.28391
66.38011
66.47536
66.56966
66.663025
66.75547
66.847
66.93762
67.02735
67.11619
67.20415
67.29124
67.377464
67.46284
67.54736
67.63105
67.71391
67.79595
67.87718
67.9576
68.03723
68.11607
68.19413
68.271416
68.34794
68.423706
68.49872
68.57299
68.64652
68.71933
68.79142
68.86279
68.93346
69.003426
69.0727
69.58683
70.08597
70.58016
71.069466
71.55393
72.03359
72.50851
72.97872
73.444275
73.90523
74.36161
74.81348
75.260864
75.70383
76.1424
76.57664
77.00657
77.43224
77.85371
78.270996
78.68416
79.09323
79.49825
79.89926
80.2963
80.68941
81.07862
81.46398
81.84553
82.2233
82.59733
82.96765
83.33431
83.69734
84.05678
84.41265
84.765
85.11386
85.45927
85.801254
86.139854
86.3959
86.64941
86.9004
87.14891
87.39496
87.63857
87.879776
88.78196
89.67521
90.55961
91.43526
92.30223
93.16062
94.01052
94.852
95.68515
96.51005
97.32678
98.13542
98.93606
99.72877
100.51363
101.290726
102.06012
102.8219
103.57613
104.32291
105.06229
105.79434
106.51916
107.23679
107.94733
108.65082
109.34734
110.03697
110.71977
111.39582
112.06517
112.72789
113.38405
114.033714
114.67694
115.313805
115.746346
116.1746
116.59861
117.01843
117.4341
117.84564
118.25311
118.65655
119.055984
119.45147
120.347984
121.235634
122.11449
122.984634
123.846176
124.69918
125.54374
126.379944
127.20786
128.02759
128.8392
129.64278
130.43839
131.22612
132.00606
132.77827
133.54285
134.29985
135.04936
135.79146
136.5262
137.25366
137.97392
138.68706
139.39313
140.09221
140.78436
141.46967
142.1482
142.81999
143.48514
144.1437
144.79575
145.44133
146.02112
146.59517
147.16353
147.72626
148.28343
148.83508
149.38127
149.92204
150.45747
150.9876
151.76
152.52475
153.28192
154.0316
154.77386
155.50877
156.2364
156.95683
157.67014
158.37637
159.07562
159.76794
160.45341
161.1321
161.80406
162.46938
163.1281
163.78029
164.42603
165.06537
165.6984
166.32515
166.9457
167.5601
168.16841
168.7707
169.36703
169.95746
170.54204
171.12082
171.69388
172.26128
172.82304
173.37926
173.92996
174.4752
174.97543
175.47072
175.9611
176.44664
176.92737
177.40334
177.80528
178.20325
178.59727
178.9874
179.37367
179.7561
180.13475
180.50964
180.88084
181.24835
181.61224
181.97252
182.32922
182.68239
183.03206
183.37827
183.72105
184.06046
184.39648
184.72919
185.0586
185.38475
185.70767
186.0274
186.34396
186.6574
186.96773
187.27498
187.5792
187.8804
188.17862
188.47388
188.7662
189.05565
189.34222
189.62596
189.90689
190.18504
190.46043
190.7331
191.00305
191.18123
191.29825
191.41411
191.52881
191.64238
191.75484
191.86618
191.97641
192.08556
192.1936
192.30058
192.40652
192.51141
192.61525
192.71808
192.81989
192.92067
193.02046
193.11928
193.2171
193.31396
193.40987
193.50482
193.59883
193.69191
193.78407
193.87534
193.96567
194.05511
194.14368
194.23135
194.31816
194.40413
194.48923
194.57349
194.6569
194.73952
194.8213
194.90228
194.98247
195.02223
195.06161
195.10062
195.13924
195.17746
195.2153
195.25276
195.28986
195.3266
195.36298
195.39897
195.43462
195.46991
195.54446
195.61829
195.69136
195.76373
195.83537
195.90631
195.97655
196.04608
196.11493
196.18309
196.25058
196.31741
196.38359
196.4491
196.51396
196.57819
196.64177
196.70473
196.76706
196.82877
196.88988
196.95038
197.01027
197.06958
197.12828
197.15671
197.18484
197.21272
197.24031
197.26764
197.2947
197.32147
197.34799
197.37425
197.40025
197.426
197.45148
197.47672
197.50171
197.52646
197.55095
197.57521
197.59923
197.62299
197.64653
197.66983
197.6929
197.71576
197.73837
197.76077
197.78296
197.80492
197.82666
197.84818
197.86949
197.89058
197.88177
197.87305
197.86441
197.85585
197.84738
197.83899
197.86038
197.88158
197.90256
197.92332
197.94388
197.96425
197.98442
198.00436
198.02411
198.04367
198.06303
198.0822
198.1012
198.12
198.13861
198.15704
198.1753
198.19336
198.21124
198.22896
198.2465
198.26387
198.28105
198.29808
198.31494
198.33162
198.34814
198.3645
198.38069
198.39671
198.4126
198.42831
198.44388
198.45929
198.47455
198.48965
198.50461
198.53922
198.57349
198.6074
198.64099
198.67426
198.70718
198.73979
198.77206
198.80403
198.83566
198.86699
198.89801
198.92873
198.95914
198.98924
199.01904
199.04855
199.07777
199.0374
198.99742
198.95784
198.91864
198.87984
198.84143
198.80339
198.76575
198.72845
198.69154
198.655
198.6188
198.58298
198.5475
198.51237
198.4776
198.44316
198.46848
198.49355
198.51837
198.54295
198.56728
198.59137
198.61522
198.63882
198.6622
198.68535
198.70827
198.73096
198.75342
198.77567
198.79768
198.81949
198.84108
198.86246
198.88362
198.90457
198.92532
198.94588
198.96622
198.98634
199.00629
199.02603
199.04558
199.06494
199.0841
199.10307
199.12184
199.14043
199.15884
199.17708
199.19511
199.20308
199.21098
199.2188
199.22652
199.23418
199.24176
199.24927
199.25668
199.26404
199.27133
199.27855
199.28569
199.29276
199.29976
199.3067
199.31357
199.32037
199.3271
199.33377
199.34036
199.34691
199.35338
199.35979
199.36612
199.37239
199.3786
199.38475
199.39084
199.39687
199.40285
199.40877
199.41463
199.42043
199.42616
199.43185
199.46718
199.50217
199.5368
199.57109
199.60504
199.63866
199.67194
199.70488
199.7375
199.7698
199.80179
199.83347
199.8648
199.89584
199.92657
199.95702
199.98714
200.01695
200.0465
200.07573
200.10468
200.13333
200.16173
200.18982
200.21765
200.24521
200.27249
200.2995
200.32623
200.3527
200.37892
200.40488
200.43057
200.45601
200.4911
200.52585
200.56024
200.59428
200.62799
200.66138
200.69443
200.72716
200.75955
200.79164
200.82341
200.85487
200.88602
200.91684
200.94736
200.97758
201.0075
201.03712
201.06647
201.0955
201.12427
201.15273
201.18092
201.20883
201.23647
201.26382
201.29092
201.31773
201.34428
201.33096
201.31778
201.30473
201.29181
201.28893
201.28607
201.28325
201.28044
201.27768
201.27493
201.27222
201.26953
201.26686
201.2642
201.26158
201.25899
201.25642
201.25389
201.25137
201.24887
201.2464
201.24397
201.24155
201.23915
201.23679
201.23444
201.23212
201.22981
201.22752
201.22527
201.22304
201.22084
201.21866
201.21649
201.21434
201.21222
201.21013
201.21796
201.2257
201.23335
201.24095
201.24847
201.25592
201.26329
201.27057
201.27779
201.28494
201.29202
201.29904
201.30598
201.31285
201.31966
201.32639
201.33305
201.33965
201.34619
201.35266
201.35907
201.3654
201.37169
201.3779
201.38405
201.39014
201.39618
201.40215
201.40807
201.41393
201.41972
201.42548
201.43115
201.35757
201.28473
201.2126
201.14119
201.07048
201.00049
200.93118
200.86256
200.79462
200.72734
200.66074
200.59479
200.5295
200.46484
200.40083
200.33746
200.27472
200.2126
200.1511
200.0902
200.02989
199.97018
199.91107
199.85255
199.79462
199.73724
199.68044
199.62419
199.56851
199.51338
199.45879
199.40474
199.35123
199.16954
198.98964
198.84123
198.69429
198.54881
198.40475
198.26213
198.12093
197.98111
197.84268
197.70561
197.5699
197.43555
197.30252
197.1708
197.04039
196.91129
196.78345
196.65688
196.53156
196.40749
196.28464
196.163
196.04256
195.92332
195.80527
195.68839
195.57265
195.45807
195.34462
195.2323
195.1211
194.98128
194.84283
194.70578
194.57008
194.43571
194.30269
194.17099
194.04059
193.91147
193.78363
193.65706
193.53174
193.40767
193.28482
193.1632
193.04276
192.92352
192.80547
192.68858
192.57285
192.45827
192.34482
192.2325
192.12129
192.01118
191.90218
191.79422
191.68735
191.58153
191.47676
191.37303
191.27032
191.31715
191.36351
191.40942
191.45486
191.49986
191.54442
191.58853
191.63222
191.67548
191.71829
191.7607
191.80267
191.84424
191.88539
191.92613
191.96646
192.0064
192.04593
192.08508
192.12384
192.16223
192.20023
192.23785
192.2751
192.31198
192.34848
192.38463
192.42043
192.45587
192.49097
192.52573
192.70863
192.88974
193.06906
193.2466
193.42238
193.59642
193.76874
193.93933
194.10825
194.27548
194.44107
194.60503
194.76735
194.92807
195.08719
195.24474
195.40073
195.55518
195.7081
195.85951
196.00941
196.15784
196.30478
196.45029
196.59435
196.73697
196.87819
197.018
197.15645
197.2935
197.4292
197.56357
197.76591
197.96626
198.16463
198.36102
198.55547
198.74799
198.9386
199.12732
199.31418
199.49919
199.68237
199.86374
200.0433
200.22108
200.39713
200.57141
200.74397
200.91481
201.08397
201.25145
201.41727
201.58145
201.744
201.90495
202.06432
202.22209
202.37831
202.53299
202.68613
202.83775
202.98787
203.0573
203.12604
203.19409
203.26149
203.3282
203.39426
203.45966
203.5244
203.58852
203.652
203.71484
203.77707
203.83868
203.89969
203.96008
204.01988
204.07909
204.13771
204.19576
204.25323
204.31013
204.36647
204.42224
204.47748
204.53217
204.5863
204.63991
204.69298
204.74551
204.79753
204.84904
204.90004
204.92084
204.94142
204.9618
204.982
205.00197
205.02176
205.04135
205.06075
205.07994
205.09895
205.11777
205.13641
205.15486
205.17313
205.19121
205.20912
205.22685
205.24442
205.2618
205.279
205.29605
205.31293
205.32964
205.34616
205.36253
205.37875
205.3948
205.41069
205.42642
205.442
205.45741
205.5618
205.66515
205.76746
205.86877
205.96909
206.0684
206.16673
206.2641
206.3605
206.45595
206.55045
206.64401
206.73663
206.82835
206.91917
207.0091
207.09811
207.18625
207.27351
207.35991
207.44545
207.53015
207.61401
207.69705
207.77925
207.86066
207.94125
208.02104
208.10004
208.17825
208.2557
208.31258
208.3689
208.42465
208.47984
208.5345
208.58861
208.6422
208.69524
208.74776
208.79976
208.85126
208.90222
208.9527
209.00267
209.05215
209.10114
209.14964
209.19768
209.24522
209.2923
209.33891
209.38506
209.43076
209.476
209.52078
209.56512
209.60902
209.6525
209.69554
209.73816
209.78036
209.82214
209.7843
209.74683
209.70973
209.673
209.63664
209.60063
209.56497
209.52968
209.49474
209.46013
209.42587
209.39195
209.35837
209.3251
209.29218
209.25957
209.2273
209.19536
209.16371
209.13239
209.10136
209.07066
209.04027
209.01018
208.98038
208.95087
208.92165
208.89272
208.86407
208.83572
208.80765
208.70065
208.5947
208.48979
208.38593
208.28308
208.18127
208.08046
207.98067
207.88185
207.78401
207.68713
207.59122
207.49625
207.40222
207.30913
207.21695
207.1257
207.03535
206.94589
206.85733
206.76962
206.6828
206.59683
206.51172
206.42744
206.344
206.26137
206.17957
206.09859
206.0184
205.93901
205.9396
205.9402
205.94078
205.94136
205.94194
205.9425
205.94307
205.94363
205.94418
205.94473
205.94527
205.94582
205.94635
205.94688
205.9474
205.94792
205.94844
205.94894
205.94945
205.94995
205.95045
205.95094
205.95142
205.95189
205.95238
205.95285
205.95332
205.95378
205.95425
205.95471
205.95515
205.9556
205.88673
205.81856
205.75104
205.68419
205.618
205.55246
205.48758
205.42334
205.35974
205.29678
205.23444
205.1727
205.11157
205.05106
204.99115
204.93184
204.87311
204.81496
204.75739
204.70038
204.64394
204.58806
204.53275
204.47798
204.42375
204.37006
204.3169
204.26425
204.21214
204.16054
204.10945
204.02916
203.94966
203.87096
203.79303
203.71587
203.63947
203.56383
203.48894
203.4148
203.34138
203.2687
203.19675
203.12549
203.05493
202.98508
202.91592
202.84744
202.77965
202.71252
202.64606
202.58025
202.5151
202.45059
202.38672
202.32349
202.26086
202.19887
202.1375
202.07674
202.01657
201.95699
201.89801
201.83961
201.78178
201.72453
201.66785
201.61174
201.55618
201.50117
201.4467
201.39278
201.33939
201.28653
201.23418
201.18236
201.13106
201.08025
201.02995
200.98016
200.93085
200.88202
200.83368
200.78581
200.73843
200.69153
200.64507
200.59908
200.55354
200.50845
200.46382
200.41963
200.37587
200.33255
200.28966
200.27689
200.26425
200.25174
200.23935
200.22708
200.21494
200.20291
200.191
200.1792
200.16753
200.15596
200.14452
200.13318
200.12196
200.11087
200.09988
200.08899
200.0782
200.06754
200.05698
200.04651
200.03615
200.0259
200.01575
200.00569
199.99573
199.98587
199.97612
199.96645
199.95688
199.9375
199.91832
199.85973
199.80171
199.74428
199.68741
199.63109
199.57535
199.52016
199.4655
199.41139
199.3578
199.30476
199.25224
199.20024
199.14874
199.09778
199.0473
198.99733
198.94785
198.89886
198.85036
198.80232
198.75478
198.7077
198.66109
198.61494
198.56924
198.524
198.47922
198.43488
198.39098
198.3475
198.30446
198.30144
198.29846
198.2955
198.29259
198.28969
198.28682
198.28398
198.28117
198.27838
198.27562
198.2729
198.2702
198.26752
198.26488
198.26225
198.25964
198.25708
198.25453
198.25201
198.24951
198.24704
198.24458
198.24217
198.23978
198.23741
198.23505
198.23271
198.23041
198.22813
198.22586
198.22362
198.2214
198.21921
198.23683
198.25429
198.27158
198.2887
198.30563
198.3224
198.33902
198.35547
198.37175
198.38788
198.40384
198.41965
198.4353
198.4508
198.46614
198.48132
198.49637
198.51126
198.52602
198.5406
198.55505
198.56937
198.58354
198.59756
198.61145
198.6252
198.63881
198.65228
198.66563
198.67883
198.69191
198.70486
198.71768
198.73038
198.74294
198.75537
198.7677
198.77989
198.79196
198.80391
198.81575
198.82747
198.83907
198.85056
198.86192
198.87318
198.88434
198.89539
198.90633
198.91716
198.92789
198.9385
198.94902
198.95943
198.96974
198.97995
198.99004
199.00005
199.00993
199.01974
199.02945
199.03906
199.04858
199.05801
199.06734
199.07658
199.08572
199.20369
199.32048
199.43613
199.55063
199.66399
199.77621
199.88734
199.99738
200.10632
200.21419
200.32097
200.42671
200.5314
200.63506
200.73769
200.83931
200.93991
201.0395
201.13814
201.2358
201.33247
201.42819
201.52295
201.61678
201.70969
201.80167
201.89273
201.98291
202.07219
202.16058
202.24811
202.33476
202.42056
202.50551
202.64902
202.7911
202.9318
203.07109
203.209
203.34555
203.48074
203.6146
203.74712
203.87833
204.00824
204.13687
204.26424
204.39034
204.51518
204.6388
204.76118
204.88237
204.97264
205.06201
205.15051
205.23813
205.32487
205.41078
205.49582
205.58002
205.66339
205.74594
205.82767
205.90858
205.98871
206.06802
206.14656
206.22432
206.2815
206.3381
206.39417
206.44966
206.50462
206.55904
206.61292
206.66624
206.71906
206.77135
206.82312
206.87437
206.92513
206.97536
207.0251
207.07436
207.12312
207.17142
207.21924
207.26657
207.31343
207.35983
207.40576
207.45125
207.49629
207.54088
207.58502
207.62874
207.67201
207.71486
207.7573
207.79929
207.84087
207.88203
207.9228
207.92358
207.92435
207.92511
207.92586
207.92659
207.9273
207.92802
207.92874
207.92946
207.93015
207.93083
207.93152
207.9322
207.93288
207.93353
207.93419
207.93483
207.93547
207.87671
207.81853
207.76093
207.70387
207.6474
207.59149
207.53612
207.4813
207.42702
207.37328
207.32008
207.26741
207.21526
207.16362
207.11249
207.06186
207.01173
206.96211
207.00209
207.04167
207.08087
207.11967
207.15808
207.19612
207.23378
207.27107
207.308
207.34456
207.38074
207.41658
207.45206
207.48718
207.52197
207.55641
207.5905
207.62427
207.65768
207.69077
207.72353
207.75598
207.7881
207.8199
207.8514
207.88257
207.91344
207.944
207.97426
208.00421
208.03387
208.06323
208.09232
208.12111
208.14961
208.17783
208.20578
208.23344
208.26083
208.28796
208.31482
208.34142
208.36772
208.30467
208.24225
208.18044
208.11923
208.05865
207.99867
207.93929
207.88048
207.82225
207.7646
207.70753
207.65103
207.59508
207.53969
207.48483
207.43051
207.37674
207.3235
207.27078
207.2186
207.16693
207.11577
207.06511
207.01497
206.9653
206.91614
206.86746
206.81927
206.77156
206.72432
206.67754
206.60152
206.52626
206.45175
206.37798
206.30492
206.23259
206.16098
206.09007
206.01988
205.95038
205.88156
205.81343
205.74597
205.67918
205.61305
205.54758
205.48276
205.41856
205.35501
205.2921
205.2298
205.16812
205.10706
205.04659
204.98671
204.83833
204.69142
204.54596
204.40193
204.25934
204.11815
203.97836
203.83997
203.70293
203.56726
203.43294
203.29993
203.16824
203.05766
202.94818
202.83978
202.73247
202.6262
202.521
202.41682
202.31367
202.21156
202.11046
202.01035
201.91124
201.8131
201.71593
201.61972
201.52448
201.43018
201.3368
201.24437
201.15285
201.06223
200.9725
200.88367
200.79572
200.70863
200.6224
200.53703
200.4525
200.3688
200.28595
200.20392
200.1227
200.04227
199.96265
199.88382
199.80577
199.72847
199.65196
199.6059
199.47119
199.33781
199.20575
199.075
198.94554
198.81737
198.69046
198.56482
198.44041
198.31723
198.19527
198.07452
197.95499
197.83661
197.7194
197.60338
197.4885
197.37476
197.26215
197.15063
197.04022
196.93091
196.82268
196.71552
196.60942
196.50436
196.40034
196.29738
196.19543
196.09448
195.99455
195.8956
195.79762
195.7006
195.60455
195.50946
195.4153
195.32207
195.22977
195.13838
195.0479
194.9781
194.90901
194.84059
194.77286
194.7058
194.6394
194.57368
194.53831
194.50328
194.4686
194.43425
194.40025
194.3666
194.33327
194.30026
194.26758
194.23523
194.2032
194.1715
194.14009
194.10901
194.07822
194.04774
194.01758
193.9877
193.95811
193.92882
193.89981
193.8711
193.84267
193.81453
193.78667
193.75906
193.73175
193.70471
193.67793
193.65141
193.62515
193.59917
193.57343
193.54794
193.52272
193.59674
193.67004
193.74261
193.81447
193.88562
193.95607
194.02582
194.09488
194.16325
194.23096
194.29797
194.26532
194.23299
194.20097
194.16928
194.1379
194.10683
194.07608
194.04562
194.01547
193.98561
193.95604
193.92677
193.8978
193.8691
193.8407
193.81258
193.78473
193.75716
193.72984
193.70282
193.67606
193.64957
193.62334
193.59737
193.57164
193.54617
193.52097
193.496
193.47128
193.44682
193.42259
193.3986
193.37486
193.24243
193.11131
192.98149
192.85295
192.7257
192.59969
192.47495
192.35143
192.22914
192.10806
191.98819
191.8893
191.79138
191.69444
191.59845
191.50342
191.40933
191.31618
191.22394
191.13261
191.04219
190.95267
190.86403
190.77626
190.68938
190.60335
190.51816
190.43382
190.35033
190.26765
190.18579
190.10474
190.02448
189.94502
189.86636
189.78848
189.71136
189.63501
189.5594
189.48454
189.41045
189.33708
189.26445
189.19254
189.12132
189.05083
188.97112
188.8922
188.81404
188.73668
188.66008
188.58423
188.50912
188.46448
188.42027
188.37651
188.33318
188.29028
188.2478
188.20575
188.16411
188.12288
188.08205
188.04164
188.00162
187.962
187.92279
187.88396
187.8455
187.80743
187.76974
187.73242
187.69547
187.65887
187.62263
187.58676
187.55124
187.51607
187.48126
187.44681
187.41269
187.3789
187.34546
187.31235
187.27954
187.24706
187.2149
187.18307
187.15155
187.12035
187.08946
187.05887
187.02858
186.99858
186.97879
187.078
187.17624
187.2735
187.3698
187.46515
187.55956
187.65302
187.74556
187.83719
187.9279
188.01773
188.10667
188.19473
188.2819
188.36823
188.45369
188.53831
188.6221
188.70506
188.78719
188.8685
188.949
189.02872
189.10764
189.18578
189.26315
189.33975
189.41559
189.49068
189.56503
189.63866
189.71153
189.78369
189.85513
189.92587
189.99593
190.06526
190.13391
190.2316
190.32832
190.42407
190.51888
190.61275
190.7057
190.79773
190.88884
190.97905
191.06836
191.15678
191.24434
191.33102
191.41684
191.52162
191.62537
191.72809
191.82979
191.93048
192.03018
192.12889
192.22662
192.3234
192.4192
192.51405
192.60799
192.70097
192.79305
192.8842
192.97446
193.06381
193.15228
193.23988
193.32661
193.41249
193.49753
193.5817
193.66505
193.74759
193.8392
193.9299
194.0197
194.10863
194.19667
194.28384
194.37015
194.4556
194.5402
194.62398
194.70691
194.78902
194.87032
194.9508
195.0305
195.10942
195.18755
195.2649
195.34146
195.4173
195.49239
195.56671
195.64032
195.71318
195.78532
195.85677
195.92749
195.99753
196.06685
196.1355
196.20348
195.78561
195.37189
194.96227
194.5567
194.15515
193.75758
193.43324
193.11212
192.79419
192.47939
192.16772
191.85915
191.5536
191.2511
190.95158
190.65503
190.36142
190.07072
189.7829
189.49791
189.21576
188.9364
188.6598
188.38594
188.11479
187.84633
187.58052
187.31735
187.05678
186.79878
186.54335
186.29045
186.04005
185.79214
185.54668
185.30365
185.06302
184.82478
184.5889
184.35535
184.12411
183.89517
183.66849
183.42426
183.18243
182.94301
182.70595
182.47124
182.23885
182.00876
181.78094
181.55539
181.33208
181.11096
180.89204
180.6753
180.4607
180.24821
180.03784
179.82956
179.62332
178.72606
177.83768
176.9581
176.08723
175.22498
174.37126
173.52602
172.68912
171.86052
171.04013
170.22786
169.42361
168.62733
167.83896
167.05838
166.28552
165.52032
164.7033
163.89436
163.09341
162.30042
161.51526
160.73787
159.96819
159.20612
158.4516
157.70456
156.9649
156.23257
155.5075
154.78961
154.07883
153.37508
152.6783
151.98842
151.30536
150.62907
149.95947
149.29651
148.6401
147.9902
147.34674
146.70964
146.07886
145.45432
144.83595
144.22372
143.61754
143.01736
142.42313
141.83478
141.25226
140.6458
140.04535
139.45084
138.86221
138.27942
137.7024
137.13109
136.56543
136.00537
135.45087
134.90186
134.35828
133.82008
133.28722
132.75961
132.23724
131.72005
131.15846
130.60245
130.05193
129.50685
128.96718
128.43285
127.9038
127.38
126.86139
126.34791
125.839516
125.33615
124.837776
124.34433
123.85577
123.37204
122.89311
122.41892
121.90983
121.40577
120.90671
120.41258
119.92335
119.43896
118.95936
118.48451
118.014366
117.548874
117.088
116.63168
116.17988
115.73256
115.289665
114.85116
114.41699
113.98712
113.5615
113.14011
112.72288
112.309784
111.90078
111.49583
111.09488
110.69791
110.30486
109.9157
109.530396
109.1489
108.771194
108.39722
108.02695
107.66034
107.34687
107.03651
106.72921
106.42496
106.123726
105.82548
105.530174
105.2378
104.94832
104.661705
104.37793
104.09696
103.81877
103.543335
103.27063
103.00062
102.733284
102.4686
102.20653
101.94705
101.69015
101.43579
101.18395
100.93461
100.68773
100.44329
100.20128
99.96166
99.72442
99.46972
99.217545
98.96787
98.720665
98.466
98.21387
97.964226
97.71706
97.472336
97.230034
96.99013
96.7526
96.517426
96.28458
96.05404
95.82578
95.599785
95.37602
95.15448
94.935135
94.71796
94.50293
94.29003
94.07924
93.87053
93.66389
93.4593
93.25673
93.05617
92.8576
92.66099
92.466324
92.27359
92.08276
91.89382
91.70675
91.52153
91.407455
91.29451
91.182686
91.07197
90.96235
90.85381
90.746346
90.639946
90.53459
90.43029
90.32703
90.224785
90.12355
90.02332
89.92408
89.82582
89.72854
89.63221
89.53684
89.44242
89.34893
89.25636
89.16472
89.073975
88.98413
88.89518
88.807106
88.71991
88.633575
88.548096
88.46346
88.37967
88.2967
88.18485
88.07411
87.96447
87.85591
87.74842
87.642
87.53664
87.43232
87.32903
87.22677
87.12551
87.02525
86.925995
86.82772
86.73042
86.63408
86.5387
86.44425
86.35074
86.25816
86.1665
86.07574
85.98587
85.8969
85.80881
85.721596
85.63524
85.549736
85.46509
85.38127
85.29829
85.21613
85.15459
85.09365
85.06302
85.03269
85.00267
84.97294
84.943504
84.91436
84.8855
84.856926
84.828636
84.80063
84.772896
84.745445
84.71827
84.69136
84.66471
84.63832
84.6122
84.586334
84.56073
84.53538
84.51028
84.48542
84.460815
84.436455
84.41233
84.38845
84.3648
84.341385
84.31821
84.29525
84.27253
84.36884
84.4642
84.55862
84.65209
84.744644
84.83629
84.92702
85.01685
85.1058
85.19386
85.28106
85.36738
85.45286
85.53748
85.62127
85.70422
85.786354
85.86768
85.948204
86.02792
86.10685
86.185
86.262375
86.33898
86.41483
86.48994
86.5643
86.63792
86.710815
86.78299
86.85445
86.92519
86.94574
86.96608
86.98622
87.00616
87.025894
87.04544
87.06479
87.08395
87.10291
87.1217
87.1403
87.15871
87.17694
87.19499
87.21286
87.23055
87.24808
87.26542
87.28259
87.2996
87.31644
87.33311
87.34961
87.36595
87.382126
87.39815
87.414
87.42971
87.44525
87.46065
87.47588
87.49097
87.505905
87.5207
87.53535
87.54985
87.56421
87.57842
87.59249
87.60642
87.620224
87.63389
87.647415
87.660805
87.67406
87.68718
87.70017
87.71304
87.72579
87.7384
87.75089
87.76326
87.775505
87.78763
87.79963
87.811516
87.82328
87.83493
87.846466
87.85789
87.8692
87.880394
87.89148
87.83315
87.7754
87.718216
87.6616
87.605545
87.55005
87.495094
87.44069
87.386826
87.33349
87.28068
87.22839
87.176636
87.12539
87.074646
87.02441
86.974655
86.92541
86.87664
86.828354
86.78054
86.73321
86.68634
86.63994
86.594
86.548515
86.50348
86.458885
86.41474
86.37103
86.32776
86.2552
86.18337
86.11224
86.041824
85.97211
85.903076
85.83473
85.76707
85.70007
85.63374
85.56806
85.50304
85.43865
85.3749
85.31178
85.24929
85.187416
85.12615
85.0655
85.00545
84.94599
84.88712
84.828835
84.771126
84.71398
84.65741
84.601395
84.54594
84.49103
84.43666
84.382835
84.32954
84.27677
84.224525
84.17279
84.121574
84.07086
84.02065
83.97095
83.92173
83.873
83.82475
83.776985
83.72968
83.68286
83.6365
83.59059
83.54514
83.500145
83.45559
83.41147
83.36779
83.32455
83.28173
83.239334
83.197365
83.15581
83.11466
83.07392
83.03359
82.99366
82.954124
82.91497
82.8366
82.75901
82.68219
82.606125
82.530815
82.456245
82.38242
82.309326
82.23695
82.1653
82.09436
82.02412
81.954575
81.88571
81.817535
81.75004
81.683205
81.617035
81.55151
81.48665
81.422424
81.35883
81.29587
81.233536
81.171814
81.11071
81.05021
80.99031
80.931
80.87228
80.91315
80.8942
80.88535
80.87659
80.867905
80.859314
80.85081
80.842384
80.834045
80.82578
80.817604
80.80951
80.8015
80.793564
80.785706
80.77792
80.770226
80.762596
80.75505
80.747574
80.74017
80.73285
80.72559
80.718414
80.7113
80.70426
80.69729
80.690384
80.68355
80.67678
80.67008
80.66345
80.637085
80.61098
80.58513
80.55953
80.53419
80.5091
80.48426
80.45966
80.43531
80.4112
80.38733
80.36369
80.34029
80.317116
80.294174
80.27146
80.24897
80.2267
80.20465
80.18282
80.16121
80.13982
80.11863
80.09765
80.07688
80.05632
80.03596
80.0158
79.99584
79.97608
79.95652
79.93715
79.91797
79.89898
79.88018
79.861565
79.84313
79.82488
79.806816
79.788925
79.77122
79.75368
79.73631
79.719124
79.7021
79.68525
79.668564
79.65205
79.63569
79.61949
79.603455
79.58758
79.57186
79.5563
79.54089
79.525635
79.51053
79.495575
79.48077
79.4661
79.451584
79.43721
79.42298
79.4683
79.51317
79.557594
79.60158
79.64513
79.68825
79.730934
79.7732
79.815056
79.85649
79.897514
79.93813
79.97835
80.018166
80.05759
80.09662
80.13527
80.17353
80.21142
80.248924
80.286064
80.32284
80.359245
80.39529
80.43098
80.46632
80.501305
80.53594
80.57024
80.604195
80.63782
80.671104
80.70406
80.736694
80.769005
80.800995
80.83267
80.86403
80.89508
80.92582
80.95626
80.9864
81.016235
81.04578
81.07503
81.10399
81.13266
81.16105
81.18916
81.21699
81.244545
81.271835
81.29885
81.32559
81.352066
81.37829
81.404236
81.42994
81.45539
81.48058
81.50553
81.53023
81.55469
81.578896
81.60287
81.6266
81.6501
81.67336
81.696396
81.71921
81.74179
81.76415
81.786285
81.808205
81.8299
81.85139
81.87266
81.89372
81.91457
81.93522
81.95566
81.9759
81.99594
82.01578
82.03542
82.05487
82.074135
82.0932
82.11208
82.130775
82.14928
82.1676
82.18574
82.203705
82.22149
82.24899
82.27623
82.3032
82.3299
82.35634
82.382515
82.40843
82.43409
82.459496
82.48464
82.509544
82.5342
82.55862
82.58279
82.60671
82.6304
82.65386
82.677086
82.70009
82.72286
82.74541
82.76773
82.78983
82.811714
82.83338
82.85483
82.87606
82.897095
82.91791
82.93852
82.95894
82.97914
82.97935
82.97955
82.97975
82.97996
82.980156
82.980354
82.980545
82.980736
82.98093
82.98112
82.9813
82.98148
82.98167
82.98185
82.982025
82.9822
82.982376
82.982544
82.98271
82.98289
82.98306
82.98323
82.9834
82.98357
82.98373
82.983894
82.984055
82.98421
82.98437
82.98452
82.95497
82.92571
82.89674
82.868065
82.83967
82.811554
82.783714
82.75615
82.72887
82.70185
82.6751
82.64861
82.62239
82.59643
82.57072
82.54526
82.52005
82.495094
82.47039
82.44593
82.42171
82.39773
82.373985
82.35048
82.32721
82.30417
82.28136
82.258766
82.236404
82.214264
82.192345
82.17064
82.14915
82.12787
82.1266
82.12535
82.12411
82.12288
82.121666
82.12047
82.11928
82.118095
82.11693
82.11577
82.114624
82.113495
82.11237
82.11126
82.11016
82.10906
82.10799
82.10692
82.10586
82.10481
82.103775
82.10275
82.10174
82.10073
82.09973
82.09874
82.09776
82.096794
82.09584
82.094894
82.093956
82.093025
82.09211
82.16051
82.228226
82.29527
82.36166
82.42738
82.492455
82.556885
82.62068
82.683846
82.74638
82.808304
82.869606
82.930305
82.9904
83.049904
83.10881
83.16714
83.22489
83.282074
83.338684
83.39474
83.45023
83.50518
83.55958
83.61345
83.66678
83.71958
83.77186
83.823616
83.87486
83.925606
83.975845
84.0256
84.04514
84.0645
84.083664
84.10264
84.12142
84.23904
84.35548
84.47077
84.58492
84.697945
84.80985
84.92065
85.03034
85.138954
85.24649
85.35297
85.45838
85.56275
85.66609
85.76841
85.86971
85.97002
86.06933
86.16765
86.265
86.36139
86.45682
86.5513
86.64485
86.73748
86.829185
86.91999
87.00989
87.09889
87.25633
87.41221
87.56654
87.71935
87.87065
88.02045
88.16876
88.315605
88.461
88.60495
88.747475
88.88859
89.0283
89.16663
89.3036
89.4392
89.57346
89.706406
89.83803
89.968346
90.097374
90.22512
90.3516
90.47683
90.600815
90.72357
90.84512
90.96547
91.084625
91.20261
91.31941
91.43507
91.549576
91.66295
91.755394
91.846924
91.937546
92.027275
92.11611
92.20407
92.29116
92.37739
92.46277
92.5473
92.631
92.71386
92.7959
92.87713
92.95755
93.03718
93.11602
93.19408
93.30106
93.407
93.51189
93.61573
93.718544
93.82034
93.92113
94.02091
94.11971
94.217545
94.31441
94.4103
94.50525
94.59926
94.69234
94.78449
94.91534
95.04488
95.17315
95.30014
95.42588
95.55038
95.673645
95.795685
95.91652
96.03616
96.15462
96.2719
96.388016
96.50299
96.61682
96.72952
96.84111
96.9516
97.06099
97.1693
97.276535
97.382706
97.48782
97.5919
97.694954
97.79698
97.898
97.99802
98.097046
98.1951
98.292175
98.3883
98.48347
98.57769
98.670975
98.71384
98.75627
98.79829
98.83989
98.88108
98.92187
98.96224
99.00222
99.0418
99.080986
99.11979
99.1582
99.19624
99.2339
99.271194
99.30811
99.344666
99.38086
99.466194
99.55068
99.63434
99.71716
99.79918
99.88038
99.96077
100.04037
100.11918
100.197205
100.27446
100.35095
100.42669
100.50167
100.57591
100.649414
100.72219
100.79424
100.84578
100.89681
100.94734
100.99737
101.0469
101.09593
101.144485
101.19256
101.24016
101.287285
101.33395
101.38014
101.42589
101.471176
101.516014
101.56041
101.60437
101.647896
101.690994
101.73366
101.7759
101.81772
101.85912
101.90012
101.94072
101.98091
102.0207
102.060104
102.09911
102.13773
102.17597
102.21384
102.25133
102.288445
102.325195
102.36158
102.417404
102.47268
102.527405
102.58159
102.63524
102.688354
102.74095
102.86233
102.9825
103.10149
103.21929
103.33593
103.451416
103.56576
103.67897
103.79106
103.90205
104.01193
104.12073
104.22844
104.33508
104.440674
104.54522
104.64873
104.75122
104.85269
104.95316
105.052635
105.15112
105.248634
105.345184
105.44078
105.53542
105.62913
105.72191
105.81377
105.904724
105.99478
106.12355
106.251045
106.37727
106.50225
106.625984
106.748505
106.869804
106.98991
107.10881
107.22654
107.34311
107.45852
107.572784
107.68592
107.797935
107.90885
108.01866
108.12739
108.23504
108.34162
108.44715
108.551636
108.65509
108.757515
108.85893
108.91974
108.979935
109.039536
109.09855
109.156975
109.21482
109.2721
109.32881
109.38496
109.44055
109.49559
109.55009
109.60405
109.63767
109.67097
109.703926
109.73656
109.76887
109.80086
109.832535
109.8639
109.89494
109.92568
109.95612
109.98626
110.0161
110.04564
110.07488
110.10384
110.13252
110.16091
110.18902
110.21684
110.2444
110.27169
110.298706
110.325455
110.35194
110.37815
110.40411
110.42981
110.45525
110.480446
110.505394
110.53009
110.55454
110.57875
110.60272
110.62646
110.649956
110.67322
110.64675
110.58094
110.51578
110.45127
110.3874
110.32416
110.26154
110.19955
110.13817
110.07739
110.01722
109.95764
109.89865
109.84025
109.78242
109.725174
109.66849
109.612366
109.55679
109.50178
109.4473
109.39337
109.339966
109.28709
109.23474
109.182915
109.13159
109.08079
109.03049
108.98068
108.93137
108.88255
108.834206
108.78635
108.73896
108.69205
108.64559
108.5996
108.55406
108.50897
108.46433
108.420135
108.42588
108.431564
108.43719
108.44276
108.44827
108.453735
108.45914
108.385284
108.312164
108.23977
108.16808
108.097115
108.02685
107.957275
107.88839
107.82019
107.75267
107.68581
107.61961
107.55407
107.48918
107.42493
107.361305
107.298325
107.23596
107.17422
107.11309
107.05256
106.99263
106.9333
106.87456
106.8164
106.75881
106.70179
106.64533
106.58944
106.5341
106.47931
106.42506
106.371346
106.31817
106.26551
106.282684
106.29969
106.31652
106.33319
106.34969
106.366035
106.38221
106.398224
106.414085
106.42979
106.445335
106.658745
106.87004
107.07925
107.286385
107.49147
107.69453
107.89558
108.09463
108.29171
108.48684
108.68004
108.87132
109.060715
109.24823
109.43389
109.61771
109.799706
109.979904
110.15832
110.33497
110.50987
110.683044
110.8545
111.02426
111.19234
111.35875
111.52351
111.686646
111.84816
112.00808
112.16641
112.32318
112.4784
112.55287
112.6266
112.69961
112.77189
112.84345
112.914314
112.984474
113.05393
113.12271
113.1908
113.25822
113.6319
114.00188
114.368195
114.73088
115.08998
115.445526
115.797554
116.146095
116.49118
116.832855
117.17114
117.50608
117.83771
118.166046
118.491135
118.813
119.13169
119.44722
119.75962
120.06893
120.37518
120.6784
120.978615
121.275856
121.57016
121.86154
122.15004
122.435684
122.7185
122.99851
123.27576
123.55026
123.822044
124.09113
124.35756
124.49263
124.626366
124.75878
124.88988
125.01968
125.14819
125.27544
125.92618
126.57048
127.2084
127.84
128.46535
129.0845
129.69753
130.30449
130.90544
131.50044
132.08954
132.6728
133.2503
133.82208
134.3882
134.94872
135.50368
136.05315
136.59717
137.1358
137.66911
138.19714
138.71996
139.23758
139.75008
140.2575
140.75992
141.25735
141.74985
142.23747
142.72026
143.19829
143.67157
144.14017
144.60413
145.06349
145.51831
145.96863
146.41449
146.85593
147.293
147.80495
148.32173
148.83339
149.34
149.84158
150.3382
150.8299
151.31673
151.79874
152.27599
152.7485
153.21634
153.67953
154.13815
154.59224
155.04182
155.48695
155.92767
156.36403
156.79607
157.22383
157.64735
158.06668
158.48186
158.89293
159.29993
159.7029
160.10188
160.49692
160.88803
161.27527
161.65869
162.03831
162.41418
162.78632
163.15479
163.51959
163.88078
164.2384
164.53307
164.82481
165.11366
165.39967
165.68285
165.96323
166.24081
166.51567
166.78778
167.0572
167.32397
167.5881
167.84961
168.10852
168.35497
168.59897
168.84056
169.07977
169.3166
169.55109
169.78326
170.01314
170.24074
170.46608
170.68918
170.91008
171.12878
171.34534
171.55974
171.77202
171.9822
172.19028
172.39632
172.60031
172.80229
173.00226
173.20026
173.39629
173.59038
173.73305
173.8743
174.01416
174.15263
174.28973
174.42548
174.55988
174.69295
174.8247
174.95515
175.08432
175.21219
175.3388
175.46417
175.5883
175.71118
175.83284
175.9533
176.07257
176.19067
176.30759
176.42334
176.53796
176.65146
176.76382
176.87508
176.98523
177.09428
177.20226
177.30916
177.44472
177.57893
177.7118
177.84338
177.97365
178.10263
178.23033
178.36667
178.50165
178.63528
178.76762
178.89864
179.02835
179.15678
179.28394
179.40985
179.5345
179.65791
179.7801
179.9011
180.02089
180.1395
180.25693
180.3732
180.48833
180.6023
180.71515
180.82689
180.93752
181.04704
181.1555
181.26288
181.36919
181.47444
181.57864
181.68184
181.784
181.88515
181.9853
182.08447
182.18265
182.27986
182.3761
182.50108
182.62483
182.74734
182.86865
182.98877
183.1077
183.22543
183.34201
183.45744
183.57173
183.68489
183.79692
183.90784
184.01765
184.12639
184.23404
184.34064
184.44618
184.55069
184.58484
184.61865
184.65213
184.68527
184.7181
184.75058
184.78276
184.8146
184.84615
184.87738
184.9083
184.93892
184.96924
184.99925
185.02896
185.05838
185.08751
185.13614
185.1843
185.23198
185.27917
185.32593
185.37222
185.41805
185.46341
185.50833
185.55281
185.59685
185.64046
185.68361
185.72635
185.76866
185.81055
185.85202
185.89308
185.93375
185.97401
186.01389
186.05336
186.09244
186.13113
186.16943
186.20737
186.24492
186.2821
186.31892
186.35538
186.39145
186.42717
186.46254
186.49756
186.53224
186.6359
186.73851
186.84012
186.9407
187.0403
187.1389
187.23654
187.3332
187.42891
187.52367
187.6175
187.7104
187.80238
187.89345
187.98363
188.0729
188.1613
188.19931
188.23695
188.27422
188.31111
188.34764
188.3838
188.41962
188.45506
188.49016
188.5249
188.55931
188.59338
188.6271
188.6605
188.69357
188.72632
188.75874
188.79085
188.76321
188.73587
188.70879
188.68198
188.65543
188.62914
188.6031
188.57733
188.5518
188.52654
188.50153
188.47676
188.45224
188.42796
188.40393
188.38013
188.35655
188.3332
188.3101
188.28723
188.26459
188.24217
188.21997
188.19798
188.17622
188.15468
188.13335
188.11221
188.0913
188.07059
188.05008
188.02979
188.00969
187.98979
188.0295
188.0688
188.10773
188.14627
188.18442
188.2222
188.25961
188.29665
188.33331
188.36963
188.40558
188.44118
188.47641
188.51129
188.54584
188.58003
188.6139
188.64743
188.68062
188.71349
188.74602
188.77823
188.81012
188.8417
188.87297
188.90393
188.93459
188.96494
188.995
188.88614
188.77835
188.67165
188.56598
188.59998
188.63364
188.66696
188.69995
188.73264
188.76498
188.79701
188.82872
188.8601
188.8912
188.922
188.95247
188.98264
189.01251
189.0421
189.07138
189.10039
189.1291
189.15753
189.18568
189.21355
189.24115
189.26846
189.2955
189.32228
189.3488
189.37506
189.40105
189.42679
189.45227
189.4775
189.50247
189.5272
189.51208
189.49712
189.48228
189.4676
189.45306
189.43867
189.42442
189.41031
189.39635
189.38252
189.36884
189.35527
189.34186
189.32857
189.31541
189.30238
189.28949
189.27672
189.26408
189.25157
189.23917
189.2269
189.21475
189.20271
189.19081
189.17903
189.16734
189.15579
189.14436
189.13303
189.12181
189.1107
189.0997
189.08882
189.07805
189.06737
189.0568
189.04634
189.03598
189.02573
189.01556
189.00551
188.99556
188.9857
188.97594
188.96628
188.9567
188.94722
188.93785
188.92856
188.91936
188.91025
188.90125
188.89233
188.88351
188.87477
188.8661
188.85754
188.84904
188.84064
188.83232
188.82408
188.81592
188.80785
188.79985
188.84143
188.8826
188.86395
188.84549
188.82721
188.80911
188.79121
188.77348
188.75592
188.73853
188.7213
188.70425
188.68738
188.67067
188.65413
188.63774
188.62152
188.60547
188.58957
188.57384
188.55824
188.54282
188.52754
188.51242
188.49745
188.48264
188.46796
188.45341
188.43903
188.42477
188.41066
188.3967
188.45218
188.50711
188.5615
188.61533
188.66864
188.72142
188.77368
188.82542
188.87666
188.92738
188.9776
189.02733
189.07655
189.1253
189.17358
189.22137
189.26868
189.31552
189.36191
189.40784
189.4533
189.49832
189.5429
189.58702
189.6307
189.67397
189.7168
189.7592
189.8012
189.84276
189.88391
189.92465
189.9749
190.02466
190.07391
190.12268
190.17096
190.21877
190.26611
190.31299
190.35939
190.40533
190.45082
190.49586
190.54045
190.58461
190.62833
190.6716
190.71446
190.75688
190.79889
190.84048
190.88167
190.92244
190.96281
191.00278
191.04234
191.08153
191.12032
191.15872
191.19676
191.23442
191.2717
191.30861
191.34517
191.38136
191.41719
191.45267
191.4878
191.52257
191.55699
191.59108
191.62483
191.65825
191.69133
191.72409
191.75652
191.78864
191.82043
191.85191
191.88309
191.91394
191.9445
191.97476
192.00471
192.03436
192.06372
192.09279
192.12158
192.15009
192.1783
192.20624
192.23389
192.26128
192.28839
192.31525
192.31213
192.30904
192.30598
192.30295
192.29996
192.297
192.29405
192.29114
192.28825
192.2854
192.28256
192.27975
192.27698
192.27423
192.27153
192.26883
192.26616
192.26352
192.26091
192.25833
192.25578
192.25325
192.25073
192.24826
192.2458
192.24336
192.24095
192.23857
192.2362
192.23387
192.23155
192.15004
192.06935
191.98946
191.91035
191.83203
191.75449
191.67772
191.6017
191.52643
191.4519
191.37813
191.30507
191.23276
191.16115
191.09026
191.02005
190.95055
190.88173
190.8136
190.74614
190.67934
190.6132
190.54773
190.48291
190.41872
190.35516
190.29224
190.22993
190.16826
190.1072
190.04672
189.98685
189.92758
189.8689
189.81079
189.75325
189.69627
189.63988
189.58405
189.52876
189.47403
189.41983
189.36617
189.31303
189.26042
189.20834
189.15677
189.10571
189.05515
189.00508
188.95552
188.90646
188.85788
188.80977
188.76215
188.715
188.66832
188.6221
188.57634
188.53104
188.48618
188.44176
188.39778
188.38394
188.37024
188.35667
188.34325
188.32994
188.31677
188.30374
188.29085
188.27806
188.26541
188.25288
188.24048
188.22818
188.21602
188.20398
188.19206
188.18027
188.1686
188.15703
188.14557
188.13423
188.123
188.1119
188.10089
188.09
188.07921
188.06851
188.05794
188.04745
188.0371
188.09613
188.14468
188.18286
188.22064
188.25806
188.29509
188.33179
188.36812
188.40408
188.43968
188.47495
188.50984
188.5444
188.57861
188.61249
188.64603
188.67924
188.71211
188.74466
188.7769
188.8088
188.84041
188.87169
188.90265
188.93332
188.96368
188.99376
189.02351
189.05298
189.08215
189.11104
189.13963
189.23726
189.33392
189.42963
189.52438
189.6182
189.71109
189.80307
189.89412
189.98428
190.07355
190.16194
190.24944
190.33607
190.42186
190.50679
190.59088
190.67413
190.75658
190.8382
190.919
190.99901
191.07822
191.15666
191.23431
191.3112
191.38734
191.46272
191.53734
191.61124
191.68439
191.75682
191.82854
191.99855
192.16689
192.33356
192.49857
192.66196
192.82372
192.98387
193.14244
193.29945
193.45491
193.60881
193.7612
193.91206
194.06146
194.20937
194.35582
194.50081
194.64436
194.78648
194.92722
195.06654
195.2045
195.34108
195.47632
195.61023
195.74281
195.87407
196.00403
196.13269
196.2601
196.38623
196.53091
196.67418
196.81602
196.95645
197.09549
197.23315
197.36948
197.50443
197.63805
197.77034
197.90132
198.03102
198.15942
198.28654
198.41241
198.53705
198.66045
198.78262
198.90358
199.02335
199.14192
199.25932
199.37556
199.49066
199.60461
199.71744
199.82915
199.93974
200.04926
200.15768
200.26503
200.32182
200.37804
200.43369
200.4888
200.54338
200.59741
200.65091
200.70387
200.7563
200.80823
200.85962
200.9105
200.96089
201.01079
201.06018
201.10909
201.1575
201.20544
201.25291
201.29991
201.34644
201.39252
201.43814
201.4833
201.52802
201.57228
201.61612
201.65952
201.70248
201.74503
201.78716
201.82886
201.88997
201.95045
202.01035
202.06966
202.12837
202.18651
202.24406
202.30106
202.35748
202.41335
202.46866
202.52342
202.57764
202.63132
202.68446
202.7371
202.78922
202.8408
202.89188
202.94244
202.99252
203.0421
203.09117
203.13977
203.18788
203.23553
203.2827
203.3294
203.37566
203.42145
203.46678
203.51166
203.566
203.6198
203.67308
203.72583
203.77805
203.82974
203.88094
203.93163
203.9818
204.03148
204.08067
204.12936
204.17758
204.22533
204.27261
204.31943
204.36577
204.41165
204.45709
204.50208
204.5466
204.5907
204.63435
204.67758
204.72037
204.76274
204.80469
204.84622
204.88736
204.92809
204.9684
205.00832
204.88942
204.7717
204.65515
204.53976
204.4255
204.31238
204.20038
204.08948
203.97968
203.87096
203.76332
203.65675
203.55124
203.44676
203.34332
203.2409
203.1395
203.03911
202.9397
202.84128
202.74384
202.64735
202.55185
202.45728
202.36363
202.27092
202.17912
202.08824
201.99826
201.90916
201.83086
201.75333
201.53793
201.32468
201.11353
200.90446
200.6975
200.49257
200.28969
200.0888
199.88991
199.69298
199.49799
199.30493
199.11378
198.92455
198.73718
198.55167
198.36798
198.18613
198.00607
197.82779
197.65128
197.4765
197.30347
197.13216
196.96252
196.79457
196.62828
196.46364
196.30063
196.13924
195.97945
195.82124
195.6151
195.41098
195.2089
195.0088
194.8107
194.61456
194.42036
194.22809
194.0377
193.8492
193.66257
193.47778
193.29483
193.1137
192.93434
192.75677
192.58096
192.40689
192.23454
192.06392
191.89497
191.7277
191.56209
191.3981
191.23575
191.075
190.91585
190.75826
190.60223
190.44775
190.2948
190.14337
189.99344
189.9242
189.85564
189.78777
189.72057
189.65402
189.58813
189.5229
189.45833
189.39438
189.33107
189.26839
189.20631
189.14487
189.08403
189.02379
188.96414
188.90509
188.84663
188.78876
188.73143
188.67468
188.6185
188.56287
188.5078
188.45326
188.39926
188.3458
188.29288
188.24046
188.18858
188.1372
188.08635
188.03598
188.11482
188.1929
188.2702
188.34673
188.37299
188.399
188.42476
188.45026
188.4755
188.50049
188.52524
188.54974
188.574
188.59802
188.62181
188.64536
188.66867
188.69176
188.71461
188.73724
188.75964
188.78183
188.8038
188.82555
188.84708
188.8684
188.8895
188.91039
188.93108
188.95155
188.97185
188.99194
189.01184
189.10083
189.18893
189.27617
189.36255
189.44806
189.53275
189.6166
189.6996
189.78178
189.86314
189.94371
190.02348
190.10245
190.18063
190.25804
190.3347
190.4106
190.48575
190.56013
190.6338
190.70674
190.77895
190.85043
190.92122
190.9913
191.0607
191.12941
191.19743
191.2648
191.3315
191.39752
191.46289
191.52762
191.5917
191.69475
191.79678
191.8978
191.99782
192.09685
192.1949
192.29198
192.38809
192.48325
192.57747
192.67075
192.7631
192.85455
192.9451
193.03474
193.1235
193.21138
193.2984
193.38455
193.43025
193.4755
193.52028
193.56462
193.60855
193.65204
193.69508
193.7377
193.77989
193.82167
193.86305
193.904
193.94456
193.98473
194.02448
194.06383
194.1325
194.2005
194.26782
194.33447
194.40047
194.4658
194.5305
194.59456
194.65797
194.72076
194.78293
194.84448
194.90544
194.96579
195.02553
195.08469
195.14325
195.20123
195.25864
195.31548
195.37175
195.42749
195.48267
195.53728
195.59137
195.64491
195.69794
195.75043
195.8024
195.85387
195.90482
195.95528
196.00522
196.05467
196.10364
196.18181
196.25923
196.33588
196.41176
196.4869
196.56128
196.63493
196.70786
196.78004
196.85152
196.9223
196.99239
197.06177
197.13045
197.19847
197.26582
197.33249
197.35889
197.38504
197.41093
197.43657
197.46194
197.48708
197.51195
197.53659
197.56097
197.58513
197.60904
197.63272
197.65616
197.67935
197.70233
197.72507
197.74759
197.7699
197.79198
197.86334
197.934
198.00397
198.07323
198.1418
198.2097
198.27693
198.3435
198.40942
198.47467
198.53928
198.60324
198.66658
198.7293
198.79138
198.85286
198.91371
198.97397
199.03363
199.09271
199.1512
199.2091
199.26643
199.3232
199.37941
199.43506
199.49016
199.54471
199.59872
199.6522
199.70515
199.75758
199.80948
199.86087
199.91176
199.96214
199.97243
199.98259
199.99268
200.00266
200.01253
200.0223
200.03197
200.04155
200.05103
200.06041
200.06972
200.07893
200.08804
200.09708
200.106
200.11485
200.12361
200.1323
200.14087
200.14937
200.15779
200.16614
200.1744
200.18257
200.19067
200.19868
200.20662
200.21448
200.22224
200.22995
200.23756
200.2451
200.25258
200.25998
200.2673
200.27457
200.28175
200.21956
200.15797
200.097
200.03662
199.97685
199.91768
199.85909
199.80107
199.74364
199.68677
199.63045
199.5747
199.51952
199.46486
199.41075
199.35718
199.30415
199.25165
199.19965
199.14816
199.0972
199.04674
198.99677
198.94728
198.8983
198.8795
198.86089
198.84245
198.82422
198.80615
198.78827
198.77055
198.75302
198.73567
198.71848
198.70146
198.68462
198.66792
198.65141
198.65486
198.65828
198.66167
198.66501
198.66832
198.6716
198.67485
198.67807
198.68126
198.6844
198.68752
198.69061
198.69366
198.6967
198.6997
198.70268
198.70561
198.70853
198.71143
198.71428
198.7171
198.71991
198.72267
198.72542
198.72813
198.73082
198.73349
198.73613
198.73874
198.74132
198.74387
198.7464
198.74892
198.75142
198.75389
198.75632
198.75873
198.76112
198.84271
198.98288
199.12166
199.25906
199.39511
199.52982
199.6632
199.79523
199.92598
200.05542
200.1836
200.31049
200.43613
200.56053
200.68369
200.80563
200.92636
201.04591
201.16428
201.28146
201.39749
201.51237
201.62613
201.73874
201.85023
201.96063
202.06993
202.17815
202.2853
202.39137
202.4964
202.6004
202.70337
202.80531
202.90625
203.0062
203.10513
203.20311
203.30011
203.39615
203.49124
203.5854
203.70833
203.83002
203.95052
204.06981
204.18793
204.30489
204.42067
204.54521
204.66853
204.79063
204.91151
205.0312
205.14972
205.26706
205.38322
205.49825
205.61212
205.72488
205.83652
205.94705
206.05649
206.16484
206.27213
206.37834
206.4835
206.58762
206.6907
206.79277
206.89383
206.9939
207.09297
207.19106
207.28818
207.38434
207.47954
207.57379
207.66711
207.75952
207.85103
207.94162
208.03131
208.1201
207.9803
207.84187
207.70483
207.56915
207.43481
207.30179
207.17009
207.0397
206.9106
206.78278
206.6562
206.4715
206.28862
206.10754
205.92825
205.75075
205.575
205.40099
205.22868
205.0581
204.8892
204.72198
204.55643
204.3925
204.2302
204.0695
203.9104
203.75287
203.59691
203.44249
203.28958
203.13821
202.98834
202.83994
202.69301
202.54753
202.4035
202.2609
202.1197
201.9799
201.84149
201.70444
201.56874
201.4344
201.19247
200.95296
200.71579
200.48097
200.24849
200.01831
199.79042
199.56479
199.34137
199.12016
198.90114
198.7338
198.56812
198.40408
198.24167
198.08086
197.92165
197.764
197.60793
197.4534
197.3004
197.1489
196.9989
196.8504
196.70337
196.55779
196.41365
196.27095
196.12965
195.98975
195.85123
195.7141
195.57832
195.44388
195.31078
195.17899
195.0485
194.9193
194.79138
194.66473
194.53934
194.41519
194.29227
194.17056
194.05006
193.93076
193.74333
193.55777
193.37404
193.19212
193.01201
192.83368
192.6571
192.611
192.56534
192.52013
192.47536
192.43105
192.38718
192.34373
192.30072
192.25815
192.21599
192.17426
192.13293
192.09201
192.0515
192.01138
191.97166
191.93234
191.8934
191.85484
191.81668
191.77888
191.74147
191.70442
191.66774
191.63142
191.59547
191.55988
191.52464
191.48975
191.4552
191.42099
191.38713
191.35359
191.32039
191.28752
191.25497
191.22275
191.19084
191.15924
191.12796
191.097
191.21484
191.21272
191.2106
191.20853
191.20647
191.20442
191.2024
191.20038
191.1984
191.19644
191.1945
191.19258
191.19067
191.18878
191.18692
191.18506
191.18323
191.18141
191.17961
191.17783
191.17607
191.17433
191.1726
191.17091
191.16922
191.16754
191.16588
191.16423
191.16261
191.16101
191.15942
191.15784
191.15627
191.15472
191.1532
191.15169
191.15018
191.14868
191.1472
191.24477
191.34135
191.43698
191.53166
191.62541
191.71823
191.81012
191.90111
191.9912
192.08038
192.1687
192.25615
192.34273
192.42845
192.45392
192.47914
192.5041
192.52881
192.55327
192.57748
192.60147
192.62521
192.64873
192.67201
192.69507
192.7179
192.74048
192.76285
192.785
192.80693
192.82864
192.85014
192.87143
192.8925
192.91336
192.93402
192.95448
192.97475
192.9948
193.04436
193.09341
193.142
193.1901
193.23772
193.28487
193.33154
193.37776
193.42352
193.46883
193.51369
193.5581
193.60208
193.64563
193.68874
193.73141
193.77367
193.81552
193.85696
193.898
193.9386
193.9788
194.01862
194.05803
194.09706
194.13571
194.17397
194.21185
194.24936
194.28648
194.30345
194.32025
194.33688
194.35335
194.36964
194.38579
194.40176
194.5661
194.7288
194.88991
195.04941
195.20734
195.36371
195.51852
195.6718
195.82356
195.97382
196.12259
196.2699
196.41574
196.56013
196.70311
196.84467
196.98482
197.12358
197.26097
197.397
197.5317
197.66505
197.79709
197.92781
198.05724
198.18538
198.31226
198.43788
198.56227
198.68541
198.80734
198.92807
199.04759
199.16594
199.28311
199.39911
199.64267
199.88383
200.1226
200.35901
200.59308
200.82484
201.0543
201.28148
201.50642
201.72914
201.94965
202.16797
202.38412
202.59814
202.81004
203.01984
203.22757
203.43324
203.63687
203.64047
203.64403
203.64755
203.65105
203.65451
203.65793
203.66132
203.66466
203.66797
203.67125
203.6745
203.67772
203.68091
203.68405
203.68716
203.69026
203.69331
203.67656
203.65996
203.64352
203.62724
203.61113
203.59518
203.57938
203.56374
203.54825
203.53291
203.51773
203.5027
203.48782
203.4731
203.45853
203.44409
203.42981
203.41565
203.40163
203.38774
203.374
203.36038
203.34692
203.33357
203.32037
203.3073
203.29436
203.28154
203.26886
203.2563
203.24387
203.23155
203.21935
203.20726
203.19531
203.05476
202.9156
202.77783
202.64142
202.50636
202.37263
202.24023
202.10915
201.97934
201.85083
201.72359
201.59761
201.47289
201.3494
201.22713
201.10606
200.25352
199.40942
198.57368
197.74623
196.92696
196.1158
195.31267
194.5175
193.7302
192.95068
192.1789
191.41473
190.65814
189.90906
189.16739
188.43306
187.70601
186.98616
186.27342
185.59744
184.92816
184.2655
183.60942
182.95981
182.31664
181.67984
181.04935
180.42511
179.80705
179.1951
178.5892
177.9893
177.39534
176.80727
176.22502
175.64853
175.07776
174.51263
173.95311
173.39911
172.8506
172.30753
171.76982
171.23746
170.71036
170.18846
169.67174
169.16014
168.6536
168.15207
167.65552
167.16386
166.6771
166.26445
165.8559
165.45139
165.05087
164.65434
164.26172
163.87299
163.48811
163.10706
162.72975
162.3562
161.98634
161.62015
161.25757
160.89859
160.54317
160.19125
159.84282
159.49785
159.1563
158.81812
158.48328
158.15176
157.82353
157.49855
157.17679
156.8582
156.54277
156.23047
155.72324
155.22102
154.72379
154.23148
153.63512
153.04468
152.46008
151.88127
151.30818
150.74077
150.17899
149.62276
149.07204
148.52678
147.98691
147.45238
146.92314
146.39915
145.88034
145.36667
144.8581
144.35455
143.85599
143.36237
142.87363
142.38972
141.91061
141.43625
140.96658
140.50157
140.04117
139.58531
139.13397
138.6871
138.24466
137.8066
137.37286
137.00284
136.63647
136.27374
135.9146
135.559
135.20694
134.85835
134.51321
134.1715
133.83316
133.49818
133.16652
132.83813
132.513
132.19109
131.87236
131.5568
131.24435
130.93501
130.62872
130.32547
130.02522
129.72795
129.43361
129.1422
128.85367
128.568
128.28514
128.00508
127.7278
127.45327
127.18146
126.91233
126.645874
126.38206
126.12085
125.86223
125.60616
125.35264
125.10162
124.85309
124.60702
124.36339
124.12217
123.88333
123.64686
123.41273
123.180916
122.9514
122.72415
122.49916
122.2764
122.05584
121.83746
121.62125
121.40718
121.19523
120.985374
120.777596
120.57188
120.368195
120.16653
119.96686
119.769165
119.573425
119.330124
119.08923
118.890335
118.6934
118.49841
118.30537
118.11423
117.92498
117.7376
117.55208
117.36839
117.18652
117.00646
116.828186
116.651665
116.47689
116.303856
116.13253
115.9629
115.79495
115.62866
115.46402
115.30101
115.13961
114.97981
114.8216
114.664955
114.50985
114.35629
114.20425
114.05371
113.90466
113.65809
113.41395
113.172226
112.9329
112.69594
112.46133
112.229034
111.99905
111.77133
111.54587
111.32264
111.10162
110.88279
110.66613
110.451614
110.23922
110.02893
109.82072
109.61457
109.41047
109.20838
109.00829
108.81019
108.614044
108.419846
108.22757
108.03719
107.84871
107.66209
107.47732
107.29437
107.11324
106.815094
106.5199
106.22762
105.93825
105.65173
105.36806
105.08718
104.80909
104.53375
104.26114
103.991234
103.72399
103.4594
103.19742
102.93804
102.68123
102.42696
102.17521
101.92595
101.67915
101.4348
101.19286
100.95333
100.71617
100.48136
100.24887
100.01868
99.790764
99.56511
99.34169
99.12048
98.901474
98.71433
98.529045
98.34559
98.16395
97.98411
97.80605
97.62976
97.455215
97.282394
97.11128
96.941864
96.774124
96.60804
96.4436
96.28079
96.1196
95.96
95.80198
95.64553
95.49062
95.33725
95.185394
95.03504
94.88618
94.73879
94.59286
94.44838
94.30533
94.1637
94.02346
93.88461
93.74714
93.69024
93.633896
93.57812
93.52289
93.46821
93.41407
93.360466
93.307396
93.254845
93.20281
93.1513
93.100296
93.0498
92.999794
92.950294
92.90128
92.85275
92.80471
92.75713
92.71003
92.6634
92.617226
92.57151
92.52625
92.48144
92.437065
92.39313
92.34963
92.306564
92.26392
92.22171
92.21951
92.21734
92.21518
92.21304
92.21094
92.20885
92.20678
92.20473
92.2027
92.20069
92.19871
