186.0
183.0
183.0
182.0
182.0
182.0
183.0
183.0
184.0
184.0
184.0
183.0
183.0
180.0
180.0
180.0
180.0
180.0
183.0
183.0
183.0
183.0
183.0
180.0
180.0
180.0
182.0
182.0
182.0
182.0
182.0
183.0
181.0
181.0
186.0
186.0
185.0
185.0
185.0
179.0
179.0
179.0
179.0
179.0
182.0
182.0
182.0
182.0
182.0
182.0
181.0
184.0
184.0
183.0
183.0
183.0
184.0
184.0
184.0
183.0
183.0
184.0
184.0
184.0
184.0
185.0
185.0
185.0
182.0
180.0
180.0
179.0
179.0
181.0
181.0
185.0
182.0
182.0
184.0
184.0
183.0
183.0
182.0
181.0
181.0
181.0
181.0
182.0
182.0
182.0
183.0
183.0
183.0
185.0
185.0
185.0
187.0
187.0
184.0
184.0
184.0
184.0
184.0
184.0
184.0
182.0
182.0
184.0
182.0
182.0
182.0
184.0
185.0
185.0
185.0
185.0
186.0
186.0
186.0
176.0
176.0
176.0
176.0
176.0
184.0
184.0
180.0
180.0
180.0
180.0
183.0
183.0
179.0
179.0
179.0
182.0
182.0
181.0
181.0
181.0
180.0
180.0
180.0
181.0
181.0
183.0
183.0
183.0
180.0
180.0
179.0
179.0
179.0
180.0
180.0
181.0
181.0
181.0
181.0
181.0
178.0
178.0
178.0
179.0
179.0
180.0
180.0
180.0
178.0
178.0
181.0
181.0
181.0
179.0
179.0
178.0
178.0
178.0
180.0
180.0
178.0
178.0
178.0
177.0
177.0
177.0
177.0
177.0
174.0
176.0
176.0
177.0
177.0
178.0
178.0
178.0
174.0
178.0
178.0
177.0
177.0
181.0
181.0
184.0
184.0
184.0
184.0
178.0
175.0
175.0
175.0
175.0
175.0
178.0
178.0
178.0
177.0
177.0
181.0
180.0
180.0
180.0
177.0
177.0
177.0
176.0
177.0
177.0
175.0
175.0
177.0
177.0
179.0
179.0
180.0
180.0
180.0
177.0
177.0
177.0
177.0
180.0
181.0
181.0
182.0
182.0
178.0
179.0
179.0
179.0
179.0
179.0
179.0
181.0
181.0
182.0
182.0
182.0
182.0
179.0
179.0
179.0
180.0
180.0
180.0
178.0
178.0
178.0
178.0
178.0
178.0
182.0
182.0
182.0
182.0
182.0
181.0
181.0
181.0
181.0
181.0
181.0
180.0
181.0
179.0
179.0
179.0
177.0
177.0
177.0
177.0
177.0
181.0
181.0
181.0
180.0
180.0
180.0
180.0
180.0
181.0
181.0
182.0
182.0
182.0
181.0
181.0
180.0
180.0
180.0
179.0
179.0
179.0
179.0
179.0
179.0
179.0
179.0
179.0
179.0
179.0
179.0
181.0
181.0
181.0
182.0
182.0
181.0
181.0
181.0
178.0
178.0
179.0
179.0
179.0
180.0
180.0
183.0
183.0
183.0
184.0
184.0
184.0
182.0
182.0
183.0
183.0
183.0
183.0
183.0
179.0
179.0
179.0
173.0
175.0
175.0
178.0
178.0
178.0
180.0
176.0
176.0
176.0
176.0
180.0
182.0
182.0
181.0
181.0
181.0
181.0
181.0
181.0
181.0
181.0
184.0
186.0
186.0
186.0
183.0
183.0
183.0
179.0
179.0
179.0
179.0
179.0
180.0
180.0
184.0
184.0
183.0
189.0
189.0
186.0
186.0
179.0
179.0
179.0
180.0
180.0
181.0
181.0
182.0
183.0
183.0
183.0
184.0
184.0
184.0
180.0
180.0
182.0
182.0
181.0
181.0
181.0
181.0
181.0
181.0
181.0
182.0
180.0
180.0
180.0
181.0
181.0
181.0
183.0
183.0
183.0
182.0
182.0
183.0
183.0
183.0
183.0
183.0
183.0
181.0
181.0
182.0
182.0
182.0
180.0
180.0
185.0
185.0
185.0
181.0
181.0
181.0
183.0
183.0
184.0
184.0
184.0
190.0
190.0
183.0
183.0
183.0
178.0
178.0
180.0
180.0
180.0
184.0
184.0
184.0
184.0
184.0
184.0
184.0
177.0
177.0
177.0
176.0
176.0
183.0
183.0
183.0
185.0
185.0
184.0
184.0
184.0
182.0
182.0
180.0
180.0
180.0
181.0
181.0
182.0
182.0
182.0
181.0
181.0
181.0
181.0
181.0
182.0
180.0
180.0
183.0
183.0
182.0
182.0
182.0
180.0
182.0
182.0
182.0
182.0
182.0
182.0
181.0
181.0
181.0
181.0
181.0
182.0
182.0
180.0
180.0
180.0
181.0
181.0
181.0
180.0
180.0
179.0
182.0
182.0
182.0
185.0
185.0
185.0
185.0
184.0
184.0
187.0
187.0
186.0
186.0
183.0
183.0
180.0
182.0
182.0
180.0
180.0
184.0
184.0
184.0
184.0
184.0
184.0
184.0
182.0
183.0
183.0
183.0
184.0
184.0
184.0
184.0
181.0
185.0
185.0
183.0
183.0
182.0
185.0
185.0
188.0
188.0
183.0
179.0
179.0
179.0
184.0
184.0
182.0
186.0
186.0
186.0
183.0
183.0
186.0
186.0
186.0
186.0
186.0
186.0
183.0
184.0
180.0
180.0
180.0
186.0
186.0
186.0
186.0
186.0
185.0
185.0
185.0
183.0
183.0
181.0
181.0
181.0
183.0
183.0
187.0
187.0
187.0
185.0
