201.0
198.0
198.0
197.0
197.0
197.0
198.0
198.0
199.0
199.0
199.0
202.0
202.0
198.0
198.0
198.0
198.0
198.0
201.0
201.0
201.0
199.0
199.0
196.0
196.0
196.0
197.0
197.0
197.0
197.0
197.0
201.0
199.0
199.0
203.0
203.0
203.0
203.0
203.0
199.0
199.0
199.0
199.0
199.0
201.0
201.0
202.0
200.0
200.0
200.0
197.0
200.0
200.0
197.0
197.0
197.0
200.0
200.0
200.0
199.0
199.0
200.0
200.0
200.0
200.0
200.0
200.0
200.0
201.0
198.0
198.0
199.0
199.0
201.0
201.0
203.0
200.0
200.0
202.0
202.0
200.0
200.0
200.0
199.0
199.0
200.0
200.0
199.0
199.0
199.0
199.0
199.0
199.0
201.0
201.0
201.0
203.0
203.0
203.0
202.0
202.0
202.0
203.0
203.0
203.0
201.0
201.0
203.0
201.0
201.0
201.0
203.0
204.0
204.0
203.0
203.0
201.0
201.0
201.0
196.0
196.0
196.0
199.0
199.0
204.0
204.0
200.0
200.0
200.0
200.0
201.0
201.0
198.0
198.0
198.0
199.0
199.0
200.0
200.0
200.0
199.0
199.0
199.0
194.0
194.0
196.0
196.0
196.0
199.0
199.0
199.0
199.0
199.0
194.0
194.0
195.0
195.0
195.0
196.0
196.0
193.0
193.0
193.0
193.0
193.0
193.0
193.0
193.0
193.0
193.0
196.0
196.0
196.0
196.0
196.0
195.0
195.0
195.0
199.0
199.0
198.0
198.0
198.0
196.0
196.0
196.0
196.0
196.0
196.0
195.0
195.0
196.0
196.0
199.0
199.0
199.0
195.0
198.0
198.0
200.0
200.0
204.0
204.0
202.0
206.0
206.0
206.0
200.0
198.0
198.0
197.0
197.0
197.0
197.0
197.0
197.0
199.0
199.0
196.0
197.0
197.0
197.0
199.0
199.0
199.0
199.0
198.0
198.0
198.0
198.0
199.0
199.0
201.0
201.0
203.0
201.0
201.0
201.0
201.0
201.0
201.0
202.0
200.0
200.0
201.0
201.0
197.0
201.0
201.0
201.0
202.0
202.0
202.0
202.0
202.0
203.0
203.0
203.0
203.0
198.0
198.0
198.0
201.0
201.0
201.0
197.0
197.0
197.0
197.0
197.0
196.0
200.0
200.0
200.0
201.0
201.0
200.0
200.0
200.0
200.0
200.0
200.0
199.0
200.0
199.0
199.0
199.0
199.0
199.0
199.0
199.0
199.0
200.0
200.0
200.0
198.0
198.0
198.0
198.0
198.0
200.0
200.0
201.0
201.0
201.0
200.0
200.0
199.0
199.0
199.0
200.0
200.0
201.0
201.0
201.0
201.0
201.0
199.0
199.0
199.0
199.0
199.0
200.0
200.0
200.0
200.0
200.0
199.0
199.0
199.0
196.0
196.0
195.0
195.0
195.0
196.0
196.0
199.0
199.0
199.0
202.0
202.0
202.0
200.0
200.0
201.0
198.0
198.0
198.0
198.0
196.0
196.0
196.0
192.0
194.0
194.0
197.0
197.0
197.0
200.0
198.0
196.0
196.0
196.0
198.0
200.0
200.0
201.0
201.0
201.0
196.0
196.0
196.0
198.0
198.0
202.0
209.0
209.0
209.0
206.0
206.0
206.0
199.0
199.0
199.0
201.0
201.0
202.0
202.0
207.0
207.0
207.0
211.0
211.0
208.0
208.0
202.0
202.0
202.0
200.0
200.0
201.0
201.0
200.0
201.0
201.0
201.0
202.0
202.0
202.0
198.0
198.0
202.0
202.0
201.0
201.0
201.0
201.0
201.0
199.0
199.0
203.0
201.0
201.0
201.0
200.0
200.0
200.0
202.0
202.0
202.0
201.0
201.0
203.0
203.0
203.0
203.0
203.0
203.0
201.0
201.0
200.0
200.0
200.0
198.0
198.0
200.0
200.0
200.0
197.0
197.0
197.0
197.0
197.0
198.0
198.0
198.0
203.0
203.0
197.0
197.0
197.0
194.0
194.0
196.0
196.0
196.0
199.0
199.0
202.0
202.0
202.0
202.0
202.0
197.0
197.0
197.0
198.0
198.0
205.0
205.0
205.0
207.0
207.0
206.0
206.0
206.0
201.0
201.0
199.0
199.0
199.0
200.0
200.0
205.0
205.0
205.0
203.0
203.0
203.0
201.0
201.0
199.0
197.0
197.0
198.0
198.0
197.0
197.0
197.0
195.0
197.0
197.0
197.0
197.0
197.0
197.0
199.0
199.0
199.0
199.0
199.0
200.0
200.0
198.0
198.0
198.0
199.0
199.0
199.0
196.0
196.0
195.0
198.0
198.0
198.0
200.0
200.0
200.0
200.0
201.0
201.0
201.0
201.0
201.0
201.0
198.0
198.0
195.0
200.0
200.0
195.0
195.0
199.0
199.0
202.0
202.0
199.0
201.0
201.0
200.0
200.0
200.0
200.0
201.0
201.0
201.0
201.0
198.0
202.0
202.0
200.0
200.0
197.0
200.0
200.0
203.0
203.0
199.0
195.0
195.0
195.0
199.0
199.0
197.0
201.0
201.0
201.0
198.0
198.0
202.0
202.0
202.0
202.0
202.0
202.0
199.0
198.0
198.0
198.0
198.0
201.0
201.0
201.0
201.0
201.0
200.0
200.0
200.0
201.0
201.0
200.0
200.0
200.0
199.0
199.0
201.0
201.0
201.0
201.0
