147.0
144.0
144.0
143.0
143.0
143.0
142.0
142.0
141.0
141.0
141.0
143.0
143.0
140.0
140.0
140.0
142.0
142.0
147.0
147.0
147.0
149.0
149.0
144.0
144.0
144.0
141.0
141.0
139.0
139.0
139.0
145.0
141.0
141.0
143.0
143.0
145.0
145.0
145.0
146.0
146.0
146.0
146.0
146.0
142.0
142.0
147.0
144.0
144.0
144.0
147.0
151.0
151.0
144.0
144.0
144.0
150.0
150.0
150.0
150.0
150.0
151.0
150.0
150.0
150.0
146.0
146.0
146.0
149.0
144.0
144.0
144.0
144.0
146.0
146.0
139.0
132.0
132.0
138.0
138.0
139.0
139.0
144.0
145.0
145.0
151.0
151.0
152.0
152.0
154.0
150.0
150.0
150.0
152.0
152.0
152.0
153.0
153.0
151.0
148.0
148.0
148.0
144.0
144.0
144.0
142.0
142.0
144.0
142.0
142.0
142.0
144.0
145.0
145.0
145.0
145.0
143.0
143.0
143.0
141.0
141.0
141.0
142.0
142.0
149.0
149.0
145.0
145.0
145.0
145.0
145.0
145.0
146.0
146.0
146.0
139.0
139.0
139.0
139.0
139.0
137.0
137.0
137.0
139.0
139.0
141.0
141.0
141.0
140.0
140.0
142.0
142.0
142.0
145.0
145.0
146.0
146.0
146.0
142.0
142.0
135.0
135.0
135.0
134.0
134.0
135.0
135.0
135.0
135.0
135.0
140.0
140.0
140.0
136.0
136.0
135.0
135.0
135.0
140.0
140.0
141.0
141.0
141.0
135.0
135.0
135.0
135.0
135.0
135.0
134.0
134.0
134.0
134.0
131.0
131.0
131.0
127.0
141.0
141.0
146.0
146.0
149.0
149.0
148.0
147.0
147.0
147.0
137.0
131.0
131.0
128.0
128.0
128.0
135.0
135.0
135.0
136.0
136.0
138.0
137.0
137.0
137.0
136.0
136.0
136.0
135.0
134.0
134.0
133.0
133.0
136.0
136.0
138.0
138.0
139.0
137.0
137.0
139.0
139.0
141.0
141.0
139.0
139.0
139.0
139.0
139.0
135.0
142.0
142.0
142.0
145.0
145.0
145.0
138.0
138.0
139.0
137.0
137.0
137.0
136.0
136.0
136.0
135.0
135.0
135.0
136.0
136.0
136.0
138.0
138.0
138.0
142.0
142.0
142.0
142.0
142.0
141.0
141.0
141.0
141.0
141.0
141.0
140.0
139.0
142.0
142.0
142.0
138.0
138.0
138.0
138.0
138.0
141.0
141.0
141.0
140.0
140.0
142.0
142.0
142.0
141.0
141.0
140.0
140.0
140.0
139.0
139.0
137.0
137.0
137.0
136.0
136.0
138.0
138.0
138.0
140.0
140.0
142.0
142.0
142.0
142.0
142.0
141.0
141.0
141.0
144.0
144.0
143.0
143.0
143.0
142.0
142.0
143.0
143.0
143.0
144.0
144.0
147.0
147.0
147.0
146.0
146.0
146.0
142.0
142.0
145.0
142.0
142.0
142.0
142.0
136.0
136.0
136.0
130.0
132.0
132.0
136.0
136.0
136.0
143.0
139.0
141.0
141.0
141.0
144.0
146.0
146.0
146.0
146.0
146.0
138.0
138.0
138.0
138.0
138.0
144.0
154.0
154.0
154.0
151.0
151.0
151.0
142.0
142.0
142.0
140.0
140.0
141.0
141.0
143.0
143.0
145.0
148.0
148.0
145.0
145.0
147.0
147.0
147.0
145.0
145.0
146.0
146.0
144.0
145.0
145.0
145.0
146.0
146.0
146.0
142.0
142.0
147.0
147.0
144.0
144.0
146.0
146.0
146.0
143.0
143.0
135.0
135.0
135.0
135.0
139.0
139.0
139.0
143.0
143.0
143.0
142.0
142.0
146.0
146.0
146.0
146.0
146.0
146.0
144.0
146.0
142.0
142.0
142.0
142.0
142.0
146.0
146.0
146.0
147.0
147.0
147.0
146.0
146.0
145.0
145.0
145.0
148.0
148.0
144.0
144.0
144.0
142.0
142.0
144.0
144.0
144.0
145.0
145.0
144.0
144.0
144.0
146.0
146.0
140.0
140.0
140.0
135.0
135.0
142.0
142.0
142.0
144.0
144.0
143.0
143.0
143.0
142.0
142.0
140.0
140.0
140.0
139.0
139.0
140.0
140.0
140.0
142.0
142.0
142.0
144.0
144.0
139.0
137.0
137.0
140.0
140.0
139.0
139.0
139.0
137.0
141.0
141.0
141.0
141.0
141.0
141.0
141.0
141.0
141.0
141.0
143.0
144.0
144.0
140.0
140.0
140.0
145.0
145.0
145.0
146.0
146.0
146.0
149.0
149.0
149.0
146.0
146.0
146.0
144.0
141.0
141.0
142.0
142.0
143.0
143.0
142.0
142.0
141.0
144.0
144.0
137.0
137.0
143.0
143.0
144.0
144.0
143.0
141.0
141.0
142.0
139.0
139.0
139.0
140.0
140.0
140.0
140.0
137.0
142.0
142.0
139.0
139.0
143.0
146.0
146.0
149.0
149.0
147.0
143.0
143.0
143.0
145.0
145.0
143.0
145.0
145.0
145.0
142.0
142.0
150.0
150.0
150.0
150.0
150.0
150.0
147.0
145.0
142.0
142.0
142.0
147.0
147.0
147.0
145.0
145.0
144.0
144.0
144.0
145.0
145.0
148.0
148.0
148.0
149.0
149.0
150.0
150.0
150.0
151.0
