-3956129
-4680105
-4680105
-4680105
-4680105
-4680105
-4680105
-4680105
-4680105
-4680105
-4680105
-4680105
-4680105
-4680105
-4680105
-4680105
-4680105
-4680105
-4680105
-4680105
-4680105
-4680105
-4680105
-4680105
-4680105
-4680105
-4680105
-4680105
-4680105
-4680105
-4680105
-4680105
-5534896
-5534896
-5534896
-5534896
-5534896
-5534896
-5534896
-5534896
-5534896
-5534896
-5534896
-5534896
-5534896
-5534896
-5534896
-5534896
-5534896
-5534896
-5534896
-5534896
-5534896
-5534896
-5534896
-5534896
-5534896
-5534896
-5534896
-5534896
-5534896
-5534896
-5534896
-5732273
-5732273
-5732273
-5732273
-5732273
-5732273
-5732273
-5732273
-5732273
-5732273
-5732273
-5732273
-5732273
-5732273
-5732273
-5732273
-5732273
-5732273
-5732273
-5732273
-5732273
-5732273
-5732273
-5732273
-5732273
-5732273
-5732273
-5732273
-5732273
-5732273
-5732273
-6127285
-6127285
-6127285
-6127285
-6127285
-6127285
-6127285
-6127285
-6127285
-6127285
-6127285
-6127285
-6127285
-6127285
-6127285
-6127285
-6127285
-6127285
-6127285
-6127285
-6127285
-6127285
-6127285
-6127285
-6127285
-6127285
-6127285
-6127285
-6127285
-6127285
-6127285
-6127285
-6916801
-6916801
-6916801
-6916801
-6916801
-6916801
-6916801
-6916801
-6916801
-6916801
-6916801
-6916801
-6916801
-6916801
-6916801
-6916801
-6916801
-6916801
-6916801
-6916801
-6916801
-6916801
-6916801
-6916801
-6916801
-6916801
-6916801
-6916801
-6916801
-6916801
-6916801
-6850756
-6850756
-6850756
-6850756
-6850756
-6850756
-6850756
-6850756
-6850756
-6850756
-6850756
-6850756
-6850756
-6850756
-6850756
-6850756
-6850756
-6850756
-6850756
-6850756
-6850756
-6850756
-6850756
-6850756
-6850756
-6850756
-6850756
-6850756
-6850756
-6850756
-6850756
-6850756
-6521539
-6521539
-6521539
-6521539
-6521539
-6521539
-6521539
-6521539
-6521539
-6521539
-6521539
-6521539
-6521539
-6521539
-6521539
-6521539
-6521539
-6521539
-6521539
-6521539
-6521539
-6521539
-6521539
-6521539
-6521539
-6521539
-6521539
-6521539
-6521539
-6521539
-6521539
-6521539
-5863612
-5863612
-5863612
-5863612
-5863612
-5863612
-5863612
-5863612
-5863612
-5863612
-5863612
-5863612
-5863612
-5863612
-5863612
-5863612
-5863612
-5863612
-5863612
-5863612
-5863612
-5863612
-5863612
-5863612
-5863612
-5863612
-5863612
-5863612
-5863612
-5863612
-7048402
-7048402
-6389704
-6389704
-6389704
-6389704
-6389704
-6389704
-6389704
-6389704
-6389704
-6389704
-6389704
-6389704
-6389704
-6389704
-6389704
-6389704
-6389704
-6389704
-6389704
-6389704
-6389704
-6389704
-6389704
-6389704
-6389704
-6389704
-6389704
-6389704
-6389704
-6389704
-6389704
-6389704
-6389704
-5665981
-5665981
-5665981
-5665981
-5665981
-5665981
-5665981
-5665981
-5665981
-5665981
-5665981
-5665981
-5665981
-5665981
-5665981
-5665981
-5665981
-5665981
-5665981
-5665981
-5665981
-5665981
-5665981
-5665981
-5665981
-5665981
-5665981
-5665981
-5665981
-5665981
-5665981
-5665981
-5468343
-5468343
-5468343
-5468343
-5468343
-5468343
-5468343
-5468343
-5468343
-5468343
-5468343
-5468343
-5468343
-5468343
-5468343
-5468343
-5468343
-5468343
-5468343
-5468343
-5468343
-5468343
-5468343
-5468343
-5468343
-5468343
-5468343
-5468343
-5468343
-5468343
-5468343
-5468343
-5468343
-5402546
-5402546
-5402546
-5402546
-5402546
-5797819
-5797819
-5797819
-5797819
-5797819
-5797819
-5797819
-5797819
-5797819
-5797819
-5797819
-5797819
-5797819
-5797819
-5797819
-5797819
-5797819
-5797819
-5797819
-5797819
-5797819
-5797819
-5797819
-5797819
-5797819
-5797819
-5797819
-5797819
-5797819
-5929402
-5929402
-5929402
-5929402
-5929402
-5929402
-5929402
-5929402
-5929402
-5929402
-5929402
-5929402
-5929402
-5929402
-5929402
-5929402
-5929402
-5929402
-5929402
-5929402
-5929402
-5929402
-5929402
-5929402
-5929402
-5929402
-5929402
-5929402
-5929402
-5929402
-5929402
-5929402
-5929402
-5929402
-5666482
-5666482
-5666482
-5666482
-5666482
-5666482
-5666482
-5666482
-5666482
-5666482
-5666482
-5666482
-5666482
-5666482
-5666482
-5666482
-5666482
-5666482
-5403312
-5403312
-5403312
-5403312
-5403312
-5403312
-5403312
-5403312
-5403312
-5403312
-5403312
-5403312
-5403312
-5403312
-5403312
-5403312
-5271722
-5271722
-5271722
-5271722
-5271722
-5271722
-5271722
-5271722
-5271722
-5271722
-5271722
-5271722
-5271722
-5271722
-5271722
-5271722
-5271722
-5271722
-5271722
-5271722
-5271722
-5271722
-5271722
-5271722
-5271722
-5271722
-5271722
-5271722
-5271722
-5271722
-5271722
-5271722
-5271722
-5271722
-5271722
-5074597
-5074597
-5074597
-5074597
-5074597
-5074597
-5074597
-5074597
-5074597
-5074597
-5074597
-5074597
-5074597
-5074597
-5074597
-5074597
-5074597
-5074597
-5600691
-5600691
-5600691
-5600691
-5600691
-5600691
-5600691
-5600691
-5600691
-5600691
-5600691
-5600691
-5600691
-5600691
-5600691
-5600691
-5600691
-5600691
-5665969
-5665969
-5665969
-5665969
-5665969
-5665969
-5665969
-5665969
-5665969
-5665969
-5665969
-5665969
-5665969
-5665969
-5665969
-5665969
-5665969
-5665969
-5665969
-5665969
-5665969
-5665969
-5665969
-5665969
-5665969
-5665969
-5665969
-5665969
-5665969
-5665969
-5665969
-5665969
-5665969
-5665969
-5665969
-5665969
-5665969
-5336747
-5336747
-5336747
-5336747
-5336747
-5336747
-5929141
-5929141
-5929141
-5929141
-5929141
-5929141
-5929141
-5929141
-5929141
-5929141
-5929141
-5929141
-5929141
-5929141
-5929141
-5929141
-5929141
-5929141
-5929141
-5929141
-5929141
-5929141
-5929141
-5929141
-5929141
-5929141
-5929141
-5929141
-5929141
-5929141
-5929141
-4678815
-4678815
-4678815
-4678815
-4678815
-4678815
-4678815
-4678815
-4678815
-4678815
-4678815
-4678815
-4678815
-4678815
-4678815
-4678815
-4678815
-4678815
-4678815
-4678815
-4678815
-4678815
-4678815
-4678815
-4678815
-6125489
-6125489
-6125489
-6125489
-6125489
-6125489
-6125489
-6125489
-6125489
-6125489
-6125489
-6125489
-6125489
-6059436
-6059436
-6059436
-6059436
-6059436
-6059436
-6059436
-6059436
-6059436
-6059436
-6059436
-6059436
-6059436
-6059436
-6059436
-6059436
-6059436
-6059436
-6059436
-6059436
-6059436
-6059436
-6059436
-6059436
-6059436
-6059436
-6059436
-6059436
-6059436
-6059436
-6059436
-6059436
-6059436
-6059436
-6059436
-6059436
-6059436
-6059436
-6059436
-6323121
-6849206
-6849206
-6849206
-6849206
-6849206
-6849206
-6849206
-6849206
-6849206
-6849206
-6849206
-6849206
-6849206
-6849206
-6849206
-6849206
-6849206
-6849206
-6849206
-6849206
-6849206
-6849206
-6849206
-6849206
-6849206
-6849206
-6849206
-6849206
-6849206
-6849206
-6849206
-6849206
-6849206
-6849206
-6849206
-6849206
-6849206
-6849206
-6849206
-6849206
-6782130
-6782130
-6782130
-6782130
-6782130
-6782130
-6782130
-7571387
-7571387
-7571387
-7571387
-7571387
-7571387
-7571387
-7571387
-7571387
-7571387
-7571387
-7571387
-7571387
-7571387
-7571387
-7571387
-7571387
-7571387
-7571387
-7571387
-7571387
-7571387
-7571387
-7571387
-7571387
-7571387
-7571387
-7571387
-7571387
-7571387
-7571387
-7571387
-7571387
-7571387
-7571387
-7571387
-8426181
-8426181
-8426181
-8426181
-8426181
-8426181
-8426181
-8426181
-8426181
-8426181
-9544660
-9544660
-9544660
-9544660
-9544660
-9544660
-9544660
-9544660
-9544660
-9544660
-9544660
-9544660
-9544660
-9544660
-9544660
-9544660
-9544660
-9544660
-9544660
-9544660
-9544660
-9544660
-9544660
-9544660
-9544660
-9544660
-9544660
-9544660
-9544660
-9544660
-9544660
-9544660
-9544660
-9544660
-10400221
-10400221
-10400221
-10400221
-10400221
-10400221
-10400221
-10400221
-10400221
-10400221
-9677014
-9677014
-9677014
-9677014
-9677014
-9677014
-9677014
-9677014
-9677014
-9677014
-9677014
-9677014
-9677014
-9677014
-9677014
-9677014
-9677014
-9677014
-9677014
-9677014
-9677014
-9677014
-9677014
-9677014
-9677014
-9677014
-9677014
-9677014
-9677014
-9677014
-9677014
-9677014
-9677014
-9677014
-9677014
-9677014
-10137048
-10137048
-10137048
-10137048
-10137048
-10137048
-10729955
-10729955
-10729955
-10729955
-10729955
-10729955
-10729955
-10729955
-10729955
-10729955
-10729955
-10729955
-10729955
-10729955
-10729955
-10729955
-10729955
-10729955
-10729955
-10729955
-10729955
-10729955
-10729955
-10729955
-10729955
-10729955
-10729955
-10729955
-10729955
-10729955
-10729955
-10729955
-10729955
-10729955
-10729955
-10729955
-10729955
-10729955
-10729955
-10729955
-10729955
-11519216
-12439544
-12439544
-12439544
-12439544
-12439544
-12439544
-12439544
-12439544
-12439544
-12439544
-12439544
-12439544
-12439544
-12439544
-12439544
-12439544
-12439544
-12439544
-12439544
-12439544
-12439544
-12439544
-12439544
-12439544
-12439544
-12439544
-12439544
-12439544
-12439544
-12439544
-12439544
-12439544
-12439544
-12439544
-12439544
-12439544
-12439544
-12439544
-12439544
-12505083
-12505083
-12505083
-12505083
-12505083
-12505083
-12505083
-12505083
-12505083
-12505083
-12505083
-12505083
-12505083
-12635892
-12635892
-12635892
-12635892
-12635892
-12635892
-12635892
-12635892
-12635892
-12635892
-12635892
-12635892
-12635892
-12635892
-12635892
-12635892
-12635892
-12635892
-12635892
-12635892
-12635892
-12635892
-12635892
-12635892
-12635892
-13030652
-13030652
-13030652
-13030652
-13030652
-13030652
-13030652
-13030652
-13030652
-13030652
-13030652
-13030652
-13030652
-13030652
-13030652
-13030652
-13030652
-13030652
-13030652
-13030652
-13030652
-13030652
-13030652
-13030652
-13030652
-13030652
-13030652
-13030652
-13030652
-13030652
-13030652
-13029874
-13029874
-13029874
-13029874
-13029874
-13029874
-12898034
-12898034
-12898034
-12898034
-12898034
-12898034
-12898034
-12898034
-12898034
-12898034
-12898034
-12898034
-12898034
-12898034
-12898034
-12898034
-12898034
-12898034
-12898034
-12898034
-12898034
-12898034
-12898034
-12898034
-12898034
-12898034
-12898034
-12898034
-12898034
-12898034
-12898034
-12898034
-12898034
-12898034
-12898034
-12898034
-12898034
-12438254
-12438254
-12438254
-12438254
-12438254
-12438254
-12438254
-12438254
-12438254
-12438254
-12438254
-12438254
-12438254
-12438254
-12438254
-12438254
-12438254
-12438254
-12568806
-12568806
-12568806
-12568806
-12568806
-12568806
-12568806
-12568806
-12568806
-12568806
-12568806
-12568806
-12568806
-12568806
-12568806
-12568806
-12568806
-12833011
-12833011
-12833011
-12833011
-12833011
-12833011
-12833011
-12833011
-12833011
-12833011
-12833011
-12833011
-12833011
-12833011
-12833011
-12833011
-12833011
-12833011
-12833011
-12833011
-12833011
-12833011
-12833011
-12833011
-12833011
-12833011
-12833011
-12833011
-12833011
-12833011
-12833011
-12833011
-12833011
-12833011
-12833011
-12241393
-12241393
-12241393
-12241393
-12241393
-12241393
-12241393
-12241393
-12241393
-12241393
-12241393
-12241393
-12241393
-12241393
-12241393
-12241393
-12241393
-13030903
-13030903
-13030903
-13030903
-13030903
-13030903
-13030903
-13030903
-13030903
-13030903
-13030903
-13030903
-13030903
-13030903
-13030903
-13030903
-13030903
-13030903
-12570876
-12570876
-12570876
-12570876
-12570876
-12570876
-12570876
-12570876
-12570876
-12570876
-12570876
-12570876
-12570876
-12570876
-12570876
-12570876
-12570876
-12570876
-12570876
-12570876
-12570876
-12570876
-12570876
-12570876
-12570876
-12570876
-12570876
-12570876
-12570876
-12570876
-12570876
-12570876
-12570876
-12570876
-10136799
-10136799
-10136799
-10136799
-10136799
-10136799
-10136799
-10136799
-10136799
-10136799
-10136799
-10136799
-10136799
-10136799
-10136799
-10136799
-10136799
-10136799
-10136799
-10136799
-10136799
-10136799
-10136799
-10136799
-10136799
-10136799
-10136799
-10136799
-10136799
-11189485
-11189485
-11189485
-11189485
-8426444
-8426444
-8426444
-8426444
-8426444
-8426444
-8426444
-8426444
-8426444
-8426444
-8426444
-8426444
-8426444
-8426444
-8426444
-8426444
-8426444
-8426444
-8426444
-8426444
-8426444
-8426444
-8426444
-8426444
-8426444
-8426444
-8426444
-8426444
-8426444
-8426444
-8426444
-8426444
-8426444
-6979773
-6979773
-6979773
-6979773
-6979773
-6979773
-6979773
-6979773
-6979773
-6979773
-6979773
-6979773
-6979773
-6979773
-6979773
-6979773
-6979773
-6979773
-6979773
-6979773
-6979773
-6979773
-6979773
-6979773
-6979773
-6979773
-6979773
-6979773
-6979773
-6979773
-6979773
-6979773
-6979773
-5796017
-5796017
-5796017
-5796017
-5796017
-5796017
-5796017
-5796017
-5796017
-5796017
-5796017
-5796017
-5796017
-5796017
-5796017
-5796017
-5796017
-5796017
-5796017
-5796017
-5796017
-5796017
-5796017
-5796017
-5796017
-5796017
-5796017
-5796017
-5796017
-5796017
-5796017
-5796017
-5796017
-5468079
-5468079
-5335977
-5335977
-5335977
-5335977
-5335977
-5335977
-5335977
-5335977
-5335977
-5335977
-5335977
-5335977
-5335977
-5335977
-5335977
-5335977
-5335977
-5335977
-5335977
-5335977
-5335977
-5335977
-5335977
-5335977
-5335977
-5335977
-5335977
-5335977
-5335977
-5335977
-5797044
-5797044
-5797044
-5797044
-5797044
-5797044
-5797044
-5797044
-5797044
-5797044
-5797044
-5797044
-5797044
-5797044
-5797044
-5797044
-5797044
-5797044
-5797044
-5797044
-5797044
-5797044
-5797044
-5797044
-5797044
-5797044
-5797044
-5797044
-5797044
-5797044
-5797044
-5797044
-5862837
-5862837
-5862837
-5862837
-5862837
-5862837
-5862837
-5862837
-5862837
-5862837
-5862837
-5862837
-5862837
-5862837
-5862837
-5862837
-5862837
-5862837
-5862837
-5862837
-5862837
-5862837
-5862837
-5862837
-5862837
-5862837
-5862837
-5862837
-5862837
-5862837
-5862837
-5402799
-5402799
-5402799
-5402799
-5402799
-5402799
-5402799
-5402799
-5402799
-5402799
-5402799
-5402799
-5402799
-5402799
-5402799
-5402799
-5402799
-5402799
-5402799
-5402799
-5402799
-5402799
-5402799
-5402799
-5402799
-5402799
-5402799
-5402799
-5402799
-5402799
-5402799
-5402799
-5534387
-5534387
-5534387
-5534387
-5534387
-5534387
-5534387
-5534387
-5534387
-5534387
-5534387
-5534387
-5534387
-5534387
-5534387
-5534387
-5534387
-5534387
-5534387
-5534387
-5534387
-5534387
-5534387
-5534387
-5534387
-5534387
-5534387
-5534387
-5534387
-5534387
-5534387
-5863352
-5863352
-5863352
-5863352
-5863352
-5863352
-5863352
-5863352
-5863352
-5863352
-5863352
-5863352
-5863352
-5863352
-5863352
-5863352
-5863352
-5863352
-5863352
-5863352
-5863352
-5863352
-5863352
-5863352
-5863352
-5863352
-5863352
-5863352
-5863352
-5863352
-5863352
-5863352
-5797816
-5797816
-5797816
-5797816
-5797816
-5797816
-5797816
-5797816
-5797816
-5797816
-5797816
-5797816
-5797816
-5797816
-5797816
-5797816
-5797816
-5797816
-5797816
-5797816
-5797816
-5797816
-5797816
-5797816
-5797816
-5797816
-5797816
-5797816
-5797816
-5797816
-5797816
-5600691
-5600691
-5600691
-5600691
-5600691
-5600691
-5600691
-5600691
-5600691
-5600691
-5600691
-5600691
-5600691
-5600691
-5600691
-5600691
-5600691
-5600691
-5600691
-5600691
-5600691
-5600691
-5600691
-5600691
-5600691
-5600691
-5600691
-5600691
-5600691
-5600691
-5600691
-5469105
-5469105
-5469105
-5469105
-5469105
-5469105
-5469105
-5469105
-5469105
-5469105
-5469105
-5469105
-5469105
-5469105
-5469105
-5469105
-5469105
-5469105
-5469105
-5469105
-5469105
-5469105
-5469105
-5469105
-5469105
-5469105
-5469105
-5469105
-5469105
-5469105
-5469105
-5469105
-5863861
-5863861
-5863861
-5863861
-5863861
-5863861
-5863861
-5863861
-5863861
-5863861
-5863861
-5863861
-5863861
-5863861
-5863861
-5863861
-5863861
-5863861
-5863861
-5863861
-5863861
-5863861
-5863861
-5863861
-5863861
-5863861
-5863861
-5863861
-5863861
-5863861
-5863861
-5732277
-5732277
-5732277
-5732277
-5732277
-5732277
-5732277
-5732277
-5732277
-5732277
-5732277
-5732277
-5732277
-5732277
-5732277
-5732277
-5732277
-5732277
-5732277
-5732277
-5732277
-5732277
-5732277
-5732277
-5732277
-5732277
-5732277
-5732277
-5732277
-5732277
-5732277
-5600691
-5600691
-5600691
-5600691
-5600691
-5600691
-5600691
-5600691
-5600691
-5600691
-5600691
-5600691
-5600691
-5600691
-5600691
-5600691
-5600691
-5600691
-5600691
-5600691
-5600691
-5600691
-5600691
-5600691
-5600691
-5600691
-5600691
-5600691
-5600691
-5600691
-5600691
-5600691
-5797817
-5797817
-5797817
-5797817
-5797817
-5797817
-5797817
-5797817
-5797817
-5797817
-5797817
-5797817
-5797817
-5797817
-5797817
-5797817
-5797817
-5797817
-5797817
-5797817
-5797817
-5797817
-5797817
-5797817
-5797817
-5797817
-5797817
-5797817
-5797817
-5797817
-5797817
-5732026
-5732026
-5732026
-5732026
-5732026
-5732026
-5732026
-5732026
-5732026
-5732026
-5732026
-5732026
-5732026
-5732026
-5732026
-5732026
-5732026
-5732026
-5732026
-5732026
-5732026
-5732026
-5732026
-5732026
-5732026
-5732026
-5732026
-5732026
-5732026
-5732026
-5732026
-5732026
-5468600
-5468600
-5468600
-5468600
-5468600
-5468600
-5468600
-5468600
-5468600
-5468600
-5468600
-5468600
-5468600
-5468600
-5468600
-5468600
-5468600
-5468600
-5468600
-5468600
-5468600
-5468600
-5468600
-5468600
-5468600
-5468600
-5468600
-5468600
-5468600
-5468600
-5468600
-5468600
-5599929
-5599929
-5599929
-5599929
-5599929
-5599929
-5599929
-5599929
-5599929
-5599929
-5599929
-5599929
-5599929
-5599929
-5599929
-5599929
-5599929
-5599929
-5599929
-5599929
-5599929
-5599929
-5599929
-5599929
-5599929
-5599929
-5599929
-5599929
-5599929
-5599929
-5534910
-5534910
-6389445
-6389445
-6389445
-6389445
-6389445
-6389445
-6389445
-6389445
-6389445
-6389445
-6389445
-6389445
-6389445
-6389445
-6389445
-6389445
-6389445
-6389445
-6389445
-6389445
-6389445
-6389445
-6389445
-6389445
-6389445
-6389445
-6389445
-6389445
-6389445
-6389445
-6389445
-6389445
-6981065
-6981065
-6981065
-6981065
-6981065
-6981065
-6981065
-6981065
-6981065
-6981065
-6981065
-6981065
-6981065
-6981065
-6981065
-6981065
-6981065
-6981065
-6981065
-6981065
-6981065
-6981065
-6981065
-6981065
-6981065
-6981065
-6981065
-6981065
-6981065
-6981065
-6981065
-6981065
-6981065
-7376330
-7376330
-7376330
-7376330
-7376330
-7376330
-7376330
-7376330
-7376330
-7376330
-7376330
-7376330
-7376330
-7376330
-7376330
-7376330
-7376330
-7376330
-7376330
-7376330
-7376330
-7376330
-7376330
-7376330
-7376330
-7376330
-7376330
-7376330
-7376330
-7376330
-7376330
-7376330
-7376330
-7902155
-7902155
-7902155
-7902155
-7902155
-7705295
-7705295
-7705295
-7705295
-7705295
-7705295
-7705295
-7705295
-7705295
-7705295
-7705295
-7705295
-7705295
-7705295
-7705295
-7705295
-7705295
-7705295
-7705295
-7705295
-7705295
-7705295
-7705295
-7705295
-7705295
-7705295
-7705295
-7705295
-7705295
-7507142
-7507142
-7507142
-7507142
-7507142
-7507142
-7507142
-7507142
-7507142
-7507142
-7507142
-7507142
-7507142
-7507142
-7507142
-7507142
-7507142
-7507142
-7507142
-7507142
-7507142
-7507142
-7507142
-7507142
-7507142
-7507142
-7507142
-7507142
-7507142
-7507142
-7507142
-7507142
-7507142
-7507142
-7243710
-7243710
-7243710
-7243710
-7243710
-7243710
-7243710
-7243710
-7243710
-7243710
-7243710
-7243710
-7243710
-7243710
-7243710
-7243710
-7243710
-7243710
-6586042
-6586042
-6586042
-6586042
-6586042
-6586042
-6586042
-6586042
-6586042
-6586042
-6586042
-6586042
-6586042
-6586042
-6586042
-6586042
-6388661
-6388661
-6388661
-6388661
-6388661
-6388661
-6388661
-6388661
-6388661
-6388661
-6388661
-6388661
-6388661
-6388661
-6388661
-6388661
-6388661
-6388661
-6388661
-6388661
-6388661
-6388661
-6388661
-6388661
-6388661
-6388661
-6388661
-6388661
-6388661
-6388661
-6388661
-6388661
-6388661
-6388661
-6388661
-5533607
-5533607
-5533607
-5533607
-5533607
-5533607
-5533607
-5533607
-5533607
-5533607
-5533607
-5533607
-5533607
-5533607
-5533607
-5533607
-5533607
-5533607
-4941735
-4941735
-4941735
-4941735
-4941735
-4941735
-4941735
-4941735
-4941735
-4941735
-4941735
-4941735
-4941735
-4941735
-4941735
-4941735
-4941735
-4941735
-4349598
-4349598
-4349598
-4349598
-4349598
-4349598
-4349598
-4349598
-4349598
-4349598
-4349598
-4349598
-4349598
-4349598
-4349598
-4349598
-4349598
-4349598
-4349598
-4349598
-4349598
-4349598
-4349598
-4349598
-4349598
-4349598
-4349598
-4349598
-4349598
-4349598
-4349598
-4349598
-4349598
-4349598
-4349598
-4349598
-4613024
-4613024
-4613024
-4613024
-4613024
-4613024
-4613024
-5205171
-5205171
-5205171
-5205171
-5205171
-5205171
-5205171
-5205171
-5205171
-5205171
-5205171
-5205171
-5205171
-5205171
-5205171
-5205171
-5205171
-5205171
-5205171
-5205171
-5205171
-5205171
-5205171
-5205171
-5205171
-5205171
-5205171
-5205171
-5205171
-5205171
-5205171
-5270964
-5270964
-5270964
-5270964
-5270964
-5270964
-5270964
-5270964
-5270964
-5270964
-5270964
-5270964
-5270964
-5270964
-5270964
-5270964
-5270964
-5270964
-5270964
-5270964
-5270964
-5270964
-5270964
-5270964
-5270964
-4876214
-4876214
-4876214
-4876214
-4876214
-4876214
-4876214
-4876214
-4876214
-4876214
-4876214
-4876214
-4876214
-5402043
-5402043
-5402043
-5402043
-5402043
-5402043
-5402043
-5402043
-5402043
-5402043
-5402043
-5402043
-5402043
-5402043
-5402043
-5402043
-5402043
-5402043
-5402043
-5402043
-5402043
-5402043
-5402043
-5402043
-5402043
-5402043
-5402043
-5402043
-5402043
-5402043
-5402043
-5402043
-5402043
-5402043
-5402043
-5402043
-5402043
-5402043
-5204928
-5204155
-5204155
-5204155
-5204155
-5204155
-5204155
-5204155
-5204155
-5204155
-5204155
-5204155
-5204155
-5204155
-5204155
-5204155
-5204155
-5204155
-5204155
-5204155
-5204155
-5204155
-5204155
-5204155
-5204155
-5204155
-5204155
-5204155
-5204155
-5204155
-5204155
-5204155
-5204155
-5204155
-5204155
-5204155
-5204155
-5204155
-5204155
-5204155
-5204155
-5204155
-5532089
-5532089
-5532089
-5532089
-5532089
-5532089
-5532089
-5860804
-5860804
-5860804
-5860804
-5860804
-5860804
-5860804
-5860804
-5860804
-5860804
-5860804
-5860804
-5860804
-5860804
-5860804
-5860804
-5860804
-5860804
-5860804
-5860804
-5860804
-5860804
-5860804
-5860804
-5860804
-5860804
-5860804
-5860804
-5860804
-5860804
-5860804
-5860804
-5860804
-5860804
-5860804
-5925820
-5925820
-5925820
-5925820
-5925820
-5925820
-5925820
-5925820
-5925820
-5925820
-5925820
-5728700
-5728700
-5728700
-5728700
-5728700
-5728700
-5728700
-5728700
-5728700
-5728700
-5728700
-5728700
-5728700
-5728700
-5728700
-5728700
-5728700
-5728700
-5728700
-5728700
-5728700
-5728700
-5728700
-5728700
-5728700
-5728700
-5728700
-5728700
-5728700
-5728700
-5728700
-5728700
-5728700
-5465520
-5465520
-5465520
-5465520
-5465520
-5465520
-5465520
-5465520
-5465520
-5465520
-5465520
-5138097
-5138097
-5138097
-5138097
-5138097
-5138097
-5138097
-5138097
-5138097
-5138097
-5138097
-5138097
-5138097
-5138097
-5138097
-5138097
-5138097
-5138097
-5138097
-5138097
-5138097
-5138097
-5138097
-5138097
-5138097
-5138097
-5138097
-5138097
-5138097
-5138097
-5138097
-5138097
-5138097
-5138097
-5138097
-5730484
-5730484
-5730484
-5730484
-5730484
-5730484
-5730484
-5665979
-5665979
-5665979
-5665979
-5665979
-5665979
-5665979
-5665979
-5665979
-5665979
-5665979
-5665979
-5665979
-5665979
-5665979
-5665979
-5665979
-5665979
-5665979
-5665979
-5665979
-5665979
-5665979
-5665979
-5665979
-5665979
-5665979
-5665979
-5665979
-5665979
-5665979
-5665979
-5665979
-5665979
-5665979
-5665979
-5665979
-5665979
-5665979
-5665979
-5665979
-5206458
-6258637
-6258637
-6258637
-6258637
-6258637
-6258637
-6258637
-6258637
-6258637
-6258637
-6258637
-6258637
-6258637
-6258637
-6258637
-6258637
-6258637
-6258637
-6258637
-6258637
-6258637
-6258637
-6258637
-6258637
-6258637
-6258637
-6258637
-6258637
-6258637
-6258637
-6258637
-6258637
-6258637
-6258637
-6258637
-6258637
-6258637
-6258637
-5732039
-5732039
-5732039
-5732039
-5732039
-5732039
-5732039
-5732039
-5732039
-5732039
-5732039
-5732039
-5732039
-5732039
-6652374
-6652374
-6652374
-6652374
-6652374
-6652374
-6652374
-6652374
-6652374
-6652374
-6652374
-6652374
-6652374
-6652374
-6652374
-6652374
-6652374
-6652374
-6652374
-6652374
-6652374
-6652374
-6652374
-6652374
-6652374
-6258134
-6258134
-6258134
-6258134
-6258134
-6258134
-6258134
-6258134
-6258134
-6258134
-6258134
-6258134
-6258134
-6258134
-6258134
-6258134
-6258134
-6258134
-6258134
-6258134
-6258134
-6258134
-6258134
-6258134
-6258134
-6258134
-6258134
-6258134
-6258134
-6258134
-6258134
-6586327
-6586327
-6586327
-6586327
-6586327
-6586327
-6388952
-6388952
-6388952
-6388952
-6388952
-6388952
-6388952
-6388952
-6388952
-6388952
-6388952
-6388952
-6388952
-6388952
-6388952
-6388952
-6388952
-6388952
-6388952
-6388952
-6388952
-6388952
-6388952
-6388952
-6388952
-6388952
-6388952
-6388952
-6388952
-6388952
-6388952
-6388952
-6388952
-6388952
-6388952
-6388952
-6388952
-6455262
-6455262
-6455262
-6455262
-6455262
-6455262
-6455262
-6455262
-6455262
-6455262
-6455262
-6455262
-6455262
-6455262
-6455262
-6455262
-6455262
-6455262
-6520023
-6520023
-6520023
-6520023
-6520023
-6520023
-6520023
-6520023
-6520023
-6520023
-6520023
-6520023
-6520023
-6520023
-6520023
-6520023
-6520023
-6257111
-6257111
-6257111
-6257111
-6257111
-6257111
-6257111
-6257111
-6257111
-6257111
-6257111
-6257111
-6257111
-6257111
-6257111
-6257111
-6257111
-6257111
-6257111
-6257111
-6257111
-6257111
-6257111
-6257111
-6257111
-6257111
-6257111
-6257111
-6257111
-6257111
-6257111
-6257111
-6257111
-6257111
-6257111
-5534158
-5534158
-5534158
-5534158
-5534158
-5534158
-5534158
-5534158
-5534158
-5534158
-5534158
-5534158
-5534158
-5534158
-5534158
-5534158
-5534158
-4678332
-4678332
-4678332
-4678332
-4678332
-4678332
-4678332
-4678332
-4678332
-4678332
-4678332
-4678332
-4678332
-4678332
-4678332
-4678332
-4678332
-4678332
-4876481
-4876481
-4876481
-4876481
-4876481
-4876481
-4876481
-4876481
-4876481
-4876481
-4876481
-4876481
-4876481
-4876481
-4876481
-4876481
-4876481
-4876481
-4876481
-4876481
-4876481
-4876481
-4876481
-4876481
-4876481
-4876481
-4876481
-4876481
-4876481
-4876481
-4876481
-4876481
-4876481
-4876481
-4153787
-4153787
-4153787
-4153787
-4153787
-4153787
-4153787
-4153787
-4153787
-4153787
-4153787
-4153787
-4153787
-4153787
-4153787
-4153787
-4153787
-4153787
-4153787
-4153787
-4153787
-4153787
-4153787
-4153787
-4153787
-4153787
-4153787
-4153787
-4153787
-3626412
-3626412
-3626412
-3626412
-4219064
-4219064
-4219064
-4219064
-4219064
-4219064
-4219064
-4219064
-4219064
-4219064
-4219064
-4219064
-4219064
-4219064
-4219064
-4219064
-4219064
-4219064
-4219064
-4219064
-4219064
-4219064
-4219064
-4219064
-4219064
-4219064
-4219064
-4219064
-4219064
-4219064
-4219064
-4219064
-4219064
-4878023
-4878023
-4878023
-4878023
-4878023
-4878023
-4878023
-4878023
-4878023
-4878023
-4878023
-4878023
-4878023
-4878023
-4878023
-4878023
-4878023
-4878023
-4878023
-4878023
-4878023
-4878023
-4878023
-4878023
-4878023
-4878023
-4878023
-4878023
-4878023
-4878023
-4878023
-4878023
-4878023
-4484293
-4484293
-4484293
-4484293
-4484293
-4484293
-4484293
-4484293
-4484293
-4484293
-4484293
-4484293
-4484293
-4484293
-4484293
-4484293
-4484293
-4484293
-4484293
-4484293
-4484293
-4484293
-4484293
-4484293
-4484293
-4484293
-4484293
-4484293
-4484293
-4484293
-4484293
-4484293
-3892417
-3892417
-2970284
-2970284
-2970284
-2970284
-2970284
-2970284
-2970284
-2970284
-2970284
-2970284
-2970284
-2970284
-2970284
-2970284
-2970284
-2970284
-2970284
-2970284
-2970284
-2970284
-2970284
-2970284
-2970284
-2970284
-2970284
-2970284
-2970284
-2970284
-2970284
-2970284
-2970284
-3364790
-3364790
-3364790
-3364790
-3364790
-3364790
-3364790
-3364790
-3364790
-3364790
-3364790
-3364790
-3364790
-3364790
-3364790
-3364790
-3364790
-3364790
-3364790
-3364790
-3364790
-3364790
-3364790
-3364790
-3364790
-3364790
-3364790
-3364790
-3364790
-3364790
-3364790
-3364790
-3825595
-3825595
-3825595
-3825595
-3825595
-3825595
-3825595
-3825595
-3825595
-3825595
-3825595
-3825595
-3825595
-3825595
-3825595
-3825595
-3825595
-3825595
-3825595
-3825595
-3825595
-3825595
-3825595
-3825595
-3825595
-3825595
-3825595
-3825595
-3825595
-3825595
-3825595
-4942785
-4942785
-4942785
-4942785
-4942785
-4942785
-4942785
-4942785
-4942785
-4942785
-4942785
-4942785
-4942785
-4942785
-4942785
-4942785
-4942785
-4942785
-4942785
-4942785
-4942785
-4942785
-4942785
-4942785
-4942785
-4942785
-4942785
-4942785
-4942785
-4942785
-4942785
-4942785
-4876982
-4876982
-4876982
-4876982
-4876982
-4876982
-4876982
-4876982
-4876982
-4876982
-4876982
-4876982
-4876982
-4876982
-4876982
-4876982
-4876982
-4876982
-4876982
-4876982
-4876982
-4876982
-4876982
-4876982
-4876982
-4876982
-4876982
-4876982
-4876982
-4876982
-4876982
-4876714
-4876714
-4876714
-4876714
-4876714
-4876714
-4876714
-4876714
-4876714
-4876714
-4876714
-4876714
-4876714
-4876714
-4876714
-4876714
-4876714
-4876714
-4876714
-4876714
-4876714
-4876714
-4876714
-4876714
-4876714
-4876714
-4876714
-4876714
-4876714
-4876714
-4876714
-4876714
-6719162
-6719162
-6719162
-6719162
-6719162
-6719162
-6719162
-6719162
-6719162
-6719162
-6719162
-6719162
-6719162
-6719162
-6719162
-6719162
-6719162
-6719162
-6719162
-6719162
-6719162
-6719162
-6719162
-6719162
-6719162
-6719162
-6719162
-6719162
-6719162
-6719162
-6719162
-10008800
-10008800
-10008800
-10008800
-10008800
-10008800
-10008800
-10008800
-10008800
-10008800
-10008800
-10008800
-10008800
-10008800
-10008800
-10008800
-10008800
-10008800
-10008800
-10008800
-10008800
-10008800
-10008800
-10008800
-10008800
-10008800
-10008800
-10008800
-10008800
-11323882
-11323882
-12968188
-12968188
-11850485
-11850485
-11850485
-11850485
-11850485
-11850485
-11850485
-11850485
-11850485
-11850485
-11850485
-11850485
-11850485
-11850485
-11850485
-11850485
-11850485
-11850485
-11850485
-11850485
-11850485
-11850485
-11850485
-11850485
-11850485
-11850485
-11850485
-11850485
-11850485
-12442363
-12442363
-12442363
-12442363
-12442363
-12442363
-12442363
-12442363
-12442363
-12442363
-12442363
-12442363
-12442363
-12442363
-12442363
-12442363
-12442363
-12442363
-12442363
-12442363
-12442363
-12442363
-12442363
-12442363
-12442363
-12442363
-12442363
-12442363
-12442363
-12442363
-12442363
-12442363
-13494272
-13494272
-13494272
-13494272
-13494272
-13494272
-13494272
-13494272
-13494272
-13494272
-13494272
-13494272
-13494272
-13494272
-13494272
-13494272
-13494272
-13494272
-13494272
-13494272
-13494272
-13494272
-13494272
-13494272
-13494272
-13494272
-13494272
-13494272
-13494272
-13494272
-13494272
-13362176
-13362176
-13362176
-13362176
-13362176
-13362176
-13362176
-13362176
-13362176
-13362176
-13362176
-13362176
-13362176
-13362176
-13362176
-13362176
-13362176
-13362176
-13362176
-13362176
-13362176
-13362176
-13362176
-13362176
-13362176
-13362176
-13362176
-13362176
-13362176
-13362176
-13362176
-13230848
-13230848
-13230848
-13230848
-13230848
-13230848
-13230848
-13230848
-13230848
-13230848
-13230848
-13230848
-13230848
-13230848
-13230848
-13230848
-13230848
-13230848
-13230848
-13230848
-13230848
-13230848
-13230848
-13230848
-13230848
-13230848
-13230848
-13230848
-13230848
-13230848
-13230848
-13230848
-13098750
-13098750
-13098750
-13098750
-13098750
-13098750
-13098750
-13098750
-13098750
-13098750
-13098750
-13098750
-13098750
-13098750
-13098750
-13098750
-13098750
-13098750
-13098750
-13098750
-13098750
-13098750
-13098750
-13098750
-13098750
-13098750
-13098750
-13098750
-13098750
-13098750
-13098750
-13098750
-13229820
-13229820
-13229820
-13229820
-13229820
-13229820
-13229820
-13229820
-13229820
-13229820
-13229820
-13229820
-13229820
-13229820
-13229820
-13229820
-13229820
-13229820
-13229820
-13229820
-13229820
-13229820
-13229820
-13229820
-13229820
-13229820
-13229820
-13229820
-13229820
-13229820
-13229820
-13229820
-13098232
-13098232
-13098232
-13098232
-13098232
-13098232
-13098232
-13098232
-13098232
-13098232
-13098232
-13098232
-13098232
-13098232
-13098232
-13098232
-13098232
-13098232
-13098232
-13098232
-13098232
-13098232
-13098232
-13098232
-13098232
-13098232
-13098232
-13098232
-13098232
-13098232
-12967165
-12967165
-11519719
-11519719
-11519719
-11519719
-11519719
-11519719
-11519719
-11519719
-11519719
-11519719
-11519719
-11519719
-11519719
-11519719
-11519719
-11519719
-11519719
-11519719
-11519719
-11519719
-11519719
-11519719
-11519719
-11519719
-11519719
-11519719
-11519719
-11519719
-11519719
-11519719
-11519719
-11519719
-11058400
-11058400
-11058400
-11058400
-11058400
-11058400
-11058400
-11058400
-11058400
-11058400
-11058400
-11058400
-11058400
-11058400
-11058400
-11058400
-11058400
-11058400
-11058400
-11058400
-11058400
-11058400
-11058400
-11058400
-11058400
-11058400
-11058400
-11058400
-11058400
-11058400
-11058400
-11058400
-11058400
-9019333
-9019333
-9019333
-9019333
-9019333
-9019333
-9019333
-9019333
-9019333
-9019333
-9019333
-9019333
-9019333
-9019333
-9019333
-9019333
-9019333
-9019333
-9019333
-9019333
-9019333
-9019333
-9019333
-9019333
-9019333
-9019333
-9019333
-9019333
-9019333
-9019333
-9019333
-9019333
-9019333
-8756676
-8756676
-8756676
-8756676
-8756676
-8559303
-8559303
-8559303
-8559303
-8559303
-8559303
-8559303
-8559303
-8559303
-8559303
-8559303
-8559303
-8559303
-8559303
-8559303
-8559303
-8559303
-8559303
-8559303
-8559303
-8559303
-8559303
-8559303
-8559303
-8559303
-8559303
-8559303
-8559303
-8559303
-8428489
-8428489
-8428489
-8428489
-8428489
-8428489
-8428489
-8428489
-8428489
-8428489
-8428489
-8428489
-8428489
-8428489
-8428489
-8428489
-8428489
-8428489
-8428489
-8428489
-8428489
-8428489
-8428489
-8428489
-8428489
-8428489
-8428489
-8428489
-8428489
-8428489
-8428489
-8428489
-8428489
-8428489
-8231112
-8231112
-8231112
-8231112
-8231112
-8231112
-8231112
-8231112
-8231112
-8231112
-8231112
-8231112
-8231112
-8231112
-8231112
-8231112
-8231112
-8231112
-8691410
-8691410
-8691410
-8691410
-8691410
-8691410
-8691410
-8691410
-8691410
-8691410
-8691410
-8691410
-8691410
-8691410
-8691410
-8691410
-7836360
-7836360
-7836360
-7836360
-7836360
-7836360
-7836360
-7836360
-7836360
-7836360
-7836360
-7836360
-7836360
-7836360
-7836360
-7836360
-7836360
-7836360
-7836360
-7836360
-7836360
-7836360
-7836360
-7836360
-7836360
-7836360
-7836360
-7836360
-7836360
-7836360
-7836360
-7836360
-7836360
-7836360
-7836360
-6717626
-6717626
-6717626
-6717626
-6717626
-6717626
-6717626
-6717626
-6717626
-6717626
-6717626
-6717626
-6717626
-6717626
-6717626
-6717626
-6717626
-6717626
-6652603
-6652603
-6652603
-6652603
-6652603
-6652603
-6652603
-6652603
-6652603
-6652603
-6652603
-6652603
-6652603
-6652603
-6652603
-6652603
-6652603
-6652603
-5797298
-5797298
-5797298
-5797298
-5797298
-5797298
-5797298
-5797298
-5797298
-5797298
-5797298
-5797298
-5797298
-5797298
-5797298
-5797298
-5797298
-5797298
-5797298
-5797298
-5797298
-5797298
-5797298
-5797298
-5797298
-5797298
-5797298
-5797298
-5797298
-5797298
-5797298
-5797298
-5797298
-5797298
-5797298
-5797298
-5862839
-5862839
-5862839
-5862839
-5862839
-5862839
-5862839
-6257855
-6257855
-6257855
-6257855
-6257855
-6257855
-6257855
-6257855
-6257855
-6257855
-6257855
-6257855
-6257855
-6257855
-6257855
-6257855
-6257855
-6257855
-6257855
-6257855
-6257855
-6257855
-6257855
-6257855
-6257855
-6257855
-6257855
-6257855
-6257855
-6257855
-6257855
-6126530
-6126530
-6126530
-6126530
-6126530
-6126530
-6126530
-6126530
-6126530
-6126530
-6126530
-6126530
-6126530
-6126530
-6126530
-6126530
-6126530
-6126530
-6126530
-6126530
-6126530
-6126530
-6126530
-6126530
-6126530
-6324426
-6324426
-6324426
-6324426
-6324426
-6324426
-6324426
-6324426
-6324426
-6324426
-6324426
-6324426
-6324426
-5732293
-5732293
-5732293
-5732293
-5732293
-5732293
-5732293
-5732293
-5732293
-5732293
-5732293
-5732293
-5732293
-5732293
-5732293
-5732293
-5732293
-5732293
-5732293
-5732293
-5732293
-5732293
-5732293
-5732293
-5732293
-5732293
-5732293
-5732293
-5732293
-5732293
-5732293
-5732293
-5732293
-5732293
-5732293
-5732293
-5732293
-5732293
-5929420
-5666249
-5666249
-5666249
-5666249
-5666249
-5666249
-5666249
-5666249
-5666249
-5666249
-5666249
-5666249
-5666249
-5666249
-5666249
-5666249
-5666249
-5666249
-5666249
-5666249
-5666249
-5666249
-5666249
-5666249
-5666249
-5666249
-5666249
-5666249
-5666249
-5666249
-5666249
-5666249
-5666249
-5666249
-5666249
-5666249
-5666249
-5666249
-5666249
-5666249
-5666249
-5798347
-5798347
-5798347
-5798347
-5798347
-5798347
-5798347
-5074363
-5074363
-5074363
-5074363
-5074363
-5074363
-5074363
-5074363
-5074363
-5074363
-5074363
-5074363
-5074363
-5074363
-5074363
-5074363
-5074363
-5074363
-5074363
-5074363
-5074363
-5074363
-5074363
-5074363
-5074363
-5074363
-5074363
-5074363
-5074363
-5074363
-5074363
-5074363
-5074363
-5074363
-5074363
-4877235
-4877235
-4877235
-4877235
-4877235
-4877235
-4877235
-4877235
-4877235
-4877235
-4877235
-5469368
-5469368
-5469368
-5469368
-5469368
-5469368
-5469368
-5469368
-5469368
-5469368
-5469368
-5469368
-5469368
-5469368
-5469368
-5469368
-5469368
-5469368
-5469368
-5469368
-5469368
-5469368
-5469368
-5469368
-5469368
-5469368
-5469368
-5469368
-5469368
-5469368
-5469368
-5469368
-5469368
-4680618
-4680618
-4680618
-4680618
-4680618
-4680618
-4680618
-4680618
-4680618
-4680618
-4680618
-5075372
-5075372
-5075372
-5075372
-5075372
-5075372
-5075372
-5075372
-5075372
-5075372
-5075372
-5075372
-5075372
-5075372
-5075372
-5075372
-5075372
-5075372
-5075372
-5075372
-5075372
-5075372
-5075372
-5075372
-5075372
-5075372
-5075372
-5075372
-5075372
-5075372
-5075372
-5075372
-5075372
-5075372
-5075372
-4746661
-4746661
-4746661
-4746661
-4746661
-4746661
-4746661
-5338796
-5338796
-5338796
-5338796
-5338796
-5338796
-5338796
-5338796
-5338796
-5338796
-5338796
-5338796
-5338796
-5338796
-5338796
-5338796
-5338796
-5338796
-5338796
-5338796
-5338796
-5338796
-5338796
-5338796
-5338796
-5338796
-5338796
-5338796
-5338796
-5338796
-5338796
-5338796
-5338796
-5338796
-5338796
-5338796
-5338796
-5338796
-5338796
-5338796
-5338796
-6128314
-6062521
-6062521
-6062521
-6062521
-6062521
-6062521
-6062521
-6062521
-6062521
-6062521
-6062521
-6062521
-6062521
-6062521
-6062521
-6062521
-6062521
-6062521
-6062521
-6062521
-6062521
-6062521
-6062521
-6062521
-6062521
-6062521
-6062521
-6062521
-6062521
-6062521
-6062521
-6062521
-6062521
-6062521
-6062521
-6062521
-6062521
-6062521
-6457025
-6457025
-6457025
-6457025
-6457025
-6457025
-6457025
-6457025
-6457025
-6457025
-6457025
-6457025
-6457025
-6457025
-6194105
-6194105
-6194105
-6194105
-6194105
-6194105
-6194105
-6194105
-6194105
-6194105
-6194105
-6194105
-6194105
-6194105
-6194105
-6194105
-6194105
-6194105
-6194105
-6194105
-6194105
-6194105
-6194105
-6194105
-6194105
-6260414
-6260414
-6260414
-6260414
-6260414
-6260414
-6260414
-6260414
-6260414
-6260414
-6260414
-6260414
-6260414
-6260414
-6260414
-6260414
-6260414
-6260414
-6260414
-6260414
-6260414
-6260414
-6260414
-6260414
-6260414
-6260414
-6260414
-6260414
-6260414
-6260414
-5866420
-5866420
-5866420
-5866420
-5866420
-5866420
-5866420
-6129592
-6129592
-6129592
-6129592
-6129592
-6129592
-6129592
-6129592
-6129592
-6129592
-6129592
-6129592
-6129592
-6129592
-6129592
-6129592
-6129592
-6129592
-6129592
-6129592
-6129592
-6129592
-6129592
-6129592
-6129592
-6129592
-6129592
-6129592
-6129592
-6129592
-6129592
-6129592
-6129592
-6129592
-6129592
-6129592
-5998006
-5998006
-5998006
-5998006
-5998006
-5998006
-5998006
-5998006
-5998006
-5998006
-5998006
-5998006
-5998006
-5998006
-5998006
-5998006
-5998006
-5998006
-5998006
-5669293
-5669293
-5669293
-5669293
-5669293
-5669293
-5669293
-5669293
-5669293
-5669293
-5669293
-5669293
-5669293
-5669293
-5669293
-5669293
-5669293
-5603502
-5603502
-5603502
-5603502
-5603502
-5603502
-5603502
-5603502
-5603502
-5603502
-5603502
-5603502
-5603502
-5603502
-5603502
-5603502
-5603502
-5603502
-5603502
-5603502
-5603502
-5603502
-5603502
-5603502
-5603502
-5603502
-5603502
-5603502
-5603502
-5603502
-5603502
-5603502
-5603502
-5603502
-5603502
-5866933
-5866933
-5866933
-5866933
-5866933
-5866933
-5866933
-5866933
-5866933
-5866933
-5866933
-5866933
-5866933
-5866933
-5866933
-5866933
-5866933
-5077158
-5077158
-5077158
-5077158
-5077158
-5077158
-5077158
-5077158
-5077158
-5077158
-5077158
-5077158
-5077158
-5077158
-5077158
-5077158
-5077158
-5077158
-6130107
-6130107
-6130107
-6130107
-6130107
-6130107
-6130107
-6130107
-6130107
-6130107
-6130107
-6130107
-6130107
-6130107
-6130107
-6130107
-6130107
-6130107
-6130107
-6130107
-6130107
-6130107
-6130107
-6130107
-6130107
-6130107
-6130107
-6130107
-6130107
-6130107
-6130107
-6130107
-6130107
-6130107
-7051724
-7051724
-7051724
-7051724
-7051724
-7051724
-7051724
-7051724
-7051724
-7051724
-7051724
-7051724
-7051724
-7051724
-7051724
-7051724
-7051724
-7051724
-7051724
-7051724
-7051724
-7051724
-7051724
-7051724
-7051724
-7051724
-7051724
-7051724
-7051724
-6525379
-6525379
-6525379
-6525379
-7710167
-7710167
-7710167
-7710167
-7710167
-7710167
-7710167
-7710167
-7710167
-7710167
-7710167
-7710167
-7710167
-7710167
-7710167
-7710167
-7710167
-7710167
-7710167
-7710167
-7710167
-7710167
-7710167
-7710167
-7710167
-7710167
-7710167
-7710167
-7710167
-7710167
-7710167
-7710167
-7710167
-7973855
-7973855
-7973855
-7973855
-7973855
-7973855
-7973855
-7973855
-7973855
-7973855
-7973855
-7973855
-7973855
-7973855
-7973855
-7973855
-7973855
-7973855
-7973855
-7973855
-7973855
-7973855
-7973855
-7973855
-7973855
-7973855
-7973855
-7973855
-7973855
-7973855
-7973855
-7973855
-7973855
-6724301
-6724301
-6724301
-6724301
-6724301
-6724301
-6724301
-6724301
-6724301
-6724301
-6724301
-6724301
-6724301
-6724301
-6724301
-6724301
-6724301
-6724301
-6724301
-6724301
-6724301
-6724301
-6724301
-6724301
-6724301
-6724301
-6724301
-6724301
-6724301
-6724301
-6724301
-6724301
-5013681
-5013681
-6724039
-6724039
-6724039
-6724039
-6724039
-6724039
-6724039
-6724039
-6724039
-6724039
-6724039
-6724039
-6724039
-6724039
-6724039
-6724039
-6724039
-6724039
-6724039
-6724039
-6724039
-6724039
-6724039
-6724039
-6724039
-6724039
-6724039
-6724039
-6724039
-6724039
-6724039
-6131902
-6131902
-6131902
-6131902
-6131902
-6131902
-6131902
-6131902
-6131902
-6131902
-6131902
-6131902
-6131902
-6131902
-6131902
-6131902
-6131902
-6131902
-6131902
-6131902
-6131902
-6131902
-6131902
-6131902
-6131902
-6131902
-6131902
-6131902
-6131902
-6131902
-6131902
-6724039
-6724039
-6724039
-6724039
-6724039
-6724039
-6724039
-6724039
-6724039
-6724039
-6724039
-6724039
-6724039
-6724039
-6724039
-6724039
-6724039
-6724039
-6724039
-6724039
-6724039
-6724039
-6724039
-6724039
-6724039
-6724039
-6724039
-6724039
-6724039
-6724039
-6724039
-6724039
-6658248
-6658248
-6658248
-6658248
-6658248
-6658248
-6658248
-6658248
-6658248
-6658248
-6658248
-6658248
-6658248
-6658248
-6658248
-6658248
-6658248
-6658248
-6658248
-6658248
-6658248
-6658248
-6658248
-6658248
-6658248
-6658248
-6658248
-6658248
-6658248
-6658248
-6658248
-6658248
-5408181
-5408181
-5408181
-5408181
-5408181
-5408181
-5408181
-5408181
-5408181
-5408181
-5408181
-5408181
-5408181
-5408181
-5408181
-5408181
-5408181
-5408181
-5408181
-5408181
-5408181
-5408181
-5408181
-5408181
-5408181
-5408181
-5408181
-5408181
-5408181
-5408181
-5408181
-4749998
-4749998
-4749998
-4749998
-4749998
-4749998
-4749998
-4749998
-4749998
-4749998
-4749998
-4749998
-4749998
-4749998
-4749998
-4749998
-4749998
-4749998
-4749998
-4749998
-4749998
-4749998
-4749998
-4749998
-4749998
-4749998
-4749998
-4749998
-4749998
-4749998
-4749998
-4749998
-4749746
-4749746
-4749746
-4749746
-4749746
-4749746
-4749746
-4749746
-4749746
-4749746
-4749746
-4749746
-4749746
-4749746
-4749746
-4749746
-4749746
-4749746
-4749746
-4749746
-4749746
-4749746
-4749746
-4749746
-4749746
-4749746
-4749746
-4749746
-4749746
-4749746
-4749746
-5210300
-5210300
-5210300
-5210300
-5210300
-5210300
-5210300
-5210300
-5210300
-5210300
-5210300
-5210300
-5210300
-5210300
-5210300
-5210300
-5210300
-5210300
-5210300
-5210300
-5210300
-5210300
-5210300
-5210300
-5210300
-5210300
-5210300
-5210300
-5210300
-5210300
-4684207
-5539265
-5670599
-5670599
-5670599
-5670599
-5670599
-5670599
-5670599
-5670599
-5670599
-5670599
-5670599
-5670599
-5670599
-5670599
-5670599
-5670599
-5670599
-5670599
-5670599
-5670599
-5670599
-5670599
-5670599
-5670599
-5670599
-5670599
-5670599
-5670599
-5670599
-5670599
-6130383
-6130383
-6130383
-6130383
-6130383
-6130383
-6130383
-6130383
-6130383
-6130383
-6130383
-6130383
-6130383
-6130383
-6130383
-6130383
-6130383
-6130383
-6130383
-6130383
-6130383
-6130383
-6130383
-6130383
-6130383
-6130383
-6130383
-6130383
-6130383
-6130383
-6130383
-6130383
-5669319
-5669319
-5669319
-5669319
-5669319
-5669319
-5669319
-5669319
-5669319
-5669319
-5669319
-5669319
-5669319
-5669319
-5669319
-5669319
-5669319
-5669319
-5669319
-5669319
-5669319
-5669319
-5669319
-5669319
-5669319
-5669319
-5669319
-5669319
-5669319
-5669319
-5669319
-4945342
-4945342
-4945342
-4945342
-4945342
-4945342
-4945342
-4945342
-4945342
-4945342
-4945342
-4945342
-4945342
-4945342
-4945342
-4945342
-4945342
-4945342
-4945342
-4945342
-4945342
-4945342
-4945342
-4945342
-4945342
-4945342
-4945342
-4945342
-4945342
-4945342
-4945342
-4813242
-4813242
-4813242
-4813242
-4813242
-4813242
-4813242
-4813242
-4813242
-4813242
-4813242
-4813242
-4813242
-4813242
-4813242
-4813242
-4813242
-4813242
-4813242
-4813242
-4813242
-4813242
-4813242
-4813242
-4813242
-4813242
-4813242
-4813242
-4813242
-4813242
-4813242
-4813242
-5010619
-5010619
-5010619
-5010619
-5010619
-5010619
-5010619
-5010619
-5010619
-5010619
-5010619
-5010619
-5010619
-5010619
-5010619
-5010619
-5010619
-5010619
-5010619
-5010619
-5010619
-5010619
-5010619
-5010619
-5010619
-5010619
-5010619
-5010619
-5010619
-5010619
-5010619
-5010619
-5141692
-5141692
-5141692
-5141692
-5141692
-5141692
-5141692
-5141692
-5141692
-5141692
-5141692
-5141692
-5141692
-5141692
-5141692
-5141692
-5141692
-5141692
-5141692
-5141692
-5141692
-5141692
-5141692
-5141692
-5141692
-5141692
-5141692
-5141692
-5141692
-5141692
-5141692
-5141692
-5141947
-5141947
-5141947
-5141947
-5141947
-5141947
-5141947
-5141947
-5141947
-5141947
-5141947
-5141947
-5141947
-5141947
-5141947
-5141947
-5141947
-5141947
-5141947
-5141947
-5141947
-5141947
-5141947
-5141947
-5141947
-5141947
-5141947
-5141947
-5141947
-5141947
-5207998
-5207998
-5207740
-5207740
-5207740
-5207740
-5207740
-5207740
-5207740
-5207740
-5207740
-5207740
-5207740
-5207740
-5207740
-5207740
-5207740
-5207740
-5207740
-5207740
-5207740
-5207740
-5207740
-5207740
-5207740
-5207740
-5207740
-5207740
-5207740
-5207740
-5207740
-5207740
-5207740
-5207740
-5207740
-5207740
-5207740
-5207740
-5207740
-5207740
-5207740
-5207740
-5207740
-5207740
-5207740
-5207740
-5207740
-5207740
-5207740
-5207740
-5207740
-5207740
-5207740
-5207740
-5207740
-5207740
-5207740
-5207740
-5207740
-5207740
-5207740
-5207740
-5207740
-5207740
-5207740
-5207740
-5207740
-5141945
-5141945
-5141945
-5141945
-5141945
-5141945
-5141945
-5141945
-5141945
-5141945
-5141945
-5141945
-5141945
-5141945
-5141945
-5141945
-5141945
-5141945
-5141945
-5141945
-5141945
-5141945
-5141945
-5141945
-5141945
-5141945
-5141945
-5141945
-5141945
-5141945
-5141945
-5141945
-5141945
-5207738
-5207738
-5207738
-5207738
-5141947
-5141947
-5141947
-5141947
-5141947
-5141947
-5141947
-5141947
-5141947
-5141947
-5141947
-5141947
-5141947
-5141947
-5141947
-5141947
-5141947
-5141947
-5141947
-5141947
-5141947
-5141947
-5141947
-5141947
-5141947
-5141947
-5141947
-5141947
-5141947
-4944568
-4944568
-4944568
-4944568
-4944568
-4944568
-4944568
-4944568
-4944568
-4944568
-4944568
-4944568
-4944568
-4944568
-4944568
-4944568
-4944568
-4944568
-4944568
-4944568
-4944568
-4944568
-4944568
-4944568
-4944568
-4944568
-4944568
-4944568
-4944568
-4944568
-4944568
-4944568
-4944568
-4944568
-4615603
-4615603
-4615603
-4615603
-4615603
-4615603
-4615603
-4615603
-4615603
-4615603
-4615603
-4615603
-4615603
-4615603
-4615603
-4615603
-4615603
-4615603
-4615603
-5009849
-5009849
-5009849
-5009849
-5009849
-5009849
-5009849
-5009849
-5009849
-5009849
-5009849
-5009849
-5009849
-5009849
-5009849
-5009849
-4944313
-4944313
-4944313
-4944313
-4944313
-4944313
-4944313
-4944313
-4944313
-4944313
-4944313
-4944313
-4944313
-4944313
-4944313
-4944313
-4944313
-4944313
-4944313
-4944313
-4944313
-4944313
-4944313
-4944313
-4944313
-4944313
-4944313
-4944313
-4944313
-4944313
-4944313
-4944313
-4944313
-4944313
-4944313
-4812727
-4812727
-4812727
-4812727
-4812727
-4812727
-4812727
-4812727
-4812727
-4812727
-4812727
-4812727
-4812727
-4812727
-4812727
-4812727
-4812727
-4746936
-4746936
-4746936
-4746936
-4746936
-4746936
-4746936
-4746936
-4746936
-4746936
-4746936
-4746936
-4746936
-4746936
-4746936
-4746936
-4746936
-4746936
-4746936
-4746936
-4746936
-4746936
-4746936
-4746936
-4746936
-4746936
-4746936
-4746936
-4746936
-4746936
-4746936
-4746936
-4746936
-4746936
-4746936
-4746936
-4746936
-4746936
-4746936
-4746936
-4746936
-4746936
-4746936
-4746936
-4746936
-4746936
-4746936
-4746936
-4746936
-4746936
-4746936
-4746936
-4746936
-4746936
-4746936
-4681143
-4681143
-4681143
-4681143
-4681143
-4681143
-4681143
-4878263
-4878263
-4878263
-4878263
-4878263
-4878263
-4878263
-4878263
-4878263
-4878263
-4878263
-4878263
-4878263
-4878263
-4878263
-4878263
-4878263
-4878263
-4878263
-4878263
-4878263
-4878263
-4878263
-4878263
-4878263
-4878263
-4878263
-4878263
-4878263
-4878263
-4944056
-4944056
-4944056
-4944056
-4944056
-4944056
-4944056
-4944056
-4944056
-4944056
-4944056
-4944056
-4944056
-4944056
-4944056
-4944056
-4944056
-4944056
-4944056
-4944056
-4944056
-4944056
-4944056
-4944056
-4944056
-4680630
-4680630
-4680630
-4680630
-4680630
-4680630
-4680630
-4680630
-4680630
-4680630
-4680630
-4680630
-4680630
-4680630
-5272767
-5272767
-5272767
-5272767
-5272767
-5272767
-5272767
-5272767
-5272767
-5272767
-5272767
-5272767
-5272767
-5272767
-5272767
-5272767
-5272767
-5272767
-5272767
-5272767
-5272767
-5272767
-5272767
-5272767
-5272767
-5272767
-5272767
-5272767
-5272767
-5272767
-5272767
-5272767
-5272767
-5272767
-5272767
-5272767
-5272767
-5272767
-5206978
-5207237
-5207237
-5207237
-5207237
-5207237
-5207237
-5207237
-5207237
-5207237
-5207237
-5207237
-5207237
-5207237
-5207237
-5207237
-5207237
-5207237
-5207237
-5207237
-5207237
-5207237
-5207237
-5207237
-5207237
-5207237
-5207237
-5207237
-5207237
-5207237
-5207237
-5207237
-5207237
-5207237
-5207237
-5207237
-5207237
-5207237
-5207237
-5207237
-5207237
-5207237
-5207237
-5207237
-5207237
-5207237
-5207237
-5207237
-5207237
-5404616
-5404616
-5404616
-5404616
-5404616
-5404616
-5404616
-5404616
-5404616
-5404616
-5404616
-5404616
-5404616
-5404616
-5404616
-5404616
-5404616
-5404616
-5404616
-5404616
-5404616
-5404616
-5404616
-5404616
-5404616
-5404616
-5404616
-5404616
-5404616
-5404616
-5404616
-5404616
-5404616
-5404616
-5404616
-5207750
-5207750
-5207750
-5207750
-5207750
-5207750
-5207750
-5207750
-5207750
-5207750
-5207750
-5207748
-5207748
-5207748
-5207748
-5207748
-5207748
-5207748
-5207748
-5207748
-5207748
-5207748
-5207748
-5207748
-5207748
-5207748
-5207748
-5207748
-5207748
-5207748
-5207748
-5207748
-5207748
-5207748
-5207748
-5207748
-5207748
-5207748
-5207748
-5207748
-5207748
-5207748
-5207748
-5207748
-5470407
-5470407
-5470407
-5470407
-5470407
-5470407
-5470407
-5470407
-5470407
-5470407
-5470407
-5010371
-5010371
-5010371
-5010371
-5010371
-5010371
-5010371
-5010371
-5010371
-5010371
-5010371
-5010371
-5010371
-5010371
-5010371
-5010371
-5010371
-5010371
-5010371
-5010371
-5010371
-5010371
-5010371
-5010371
-5010371
-5010371
-5010371
-5010371
-5010371
-5010371
-5010371
-5010371
-5010371
-5010371
-5010371
-5075652
-5075652
-5075652
-5075652
-5075652
-5075652
-5075652
-4746433
-4746433
-4746433
-4746433
-4746433
-4746433
-4746433
-4746433
-4746433
-4746433
-4746433
-4746433
-4746433
-4746433
-4746433
-4746433
-4746433
-4746433
-4746433
-4746433
-4746433
-4746433
-4746433
-4746433
-4746433
-4746433
-4746433
-4746433
-4746433
-4746433
-4746433
-4746433
-4746433
-4746433
-4746433
-4746433
-4746433
-4746433
-4746433
-4746433
-4746433
-4549056
-4812228
-4812228
-4812228
-4812228
-4812228
-4812228
-4812228
-4812228
-4812228
-4812228
-4812228
-4812228
-4812228
-4812228
-4812228
-4812228
-4812228
-4812228
-4812228
-4812228
-4812228
-4812228
-4812228
-4812228
-4812228
-4812228
-4812228
-4812228
-4812228
-4812228
-4812228
-4812228
-4812228
-4812228
-4812228
-4812228
-4812228
-4812228
-5470671
-5470671
-5470671
-5470671
-5470671
-5470671
-5470671
-5470671
-5470671
-5470671
-5470671
-5470671
-5470671
-5470671
-5273038
-5273038
-5273038
-5273038
-5273038
-5273038
-5273038
-5273038
-5273038
-5273038
-5273038
-5273038
-5273038
-5273038
-5273038
-5273038
-5273038
-5273038
-5273038
-5273038
-5273038
-5273038
-5273038
-5273038
-5273038
-4878534
-4878534
-4878534
-4878534
-4878534
-4878534
-4878534
-4878534
-4878534
-4878534
-4878534
-4878534
-4878534
-4878534
-4878534
-4878534
-4878534
-4878534
-4878534
-4878534
-4878534
-4878534
-4878534
-4878534
-4878534
-4878534
-4878534
-4878534
-4878534
-4878534
-5207245
-5207245
-5207245
-5207245
-5207245
-5207245
-5207245
-5338831
-5338831
-5338831
-5338831
-5338831
-5338831
-5338831
-5338831
-5338831
-5338831
-5338831
-5338831
-5338831
-5338831
-5338831
-5338831
-5338831
-5338831
-5338831
-5338831
-5338831
-5338831
-5338831
-5338831
-5338831
-5338831
-5338831
-5338831
-5338831
-5338831
-5338831
-5338831
-5338831
-5338831
-5338831
-5338831
-5141706
-5141706
-5141706
-5141706
-5141706
-5141706
-5141706
-5141706
-5141706
-5141706
-5141706
-5141706
-5141706
-5141706
-5141706
-5141706
-5141706
-5141706
-5141706
-4615362
-4615362
-4615362
-4615362
-4615362
-4615362
-4615362
-4615362
-4615362
-4615362
-4615362
-4615362
-4615362
-4615362
-4615362
-4615362
-4615362
-4680640
-4680640
-4680640
-4680640
-4680640
-4680640
-4680640
-4680640
-4680640
-4680640
-4680640
-4680640
-4680640
-4680640
-4680640
-4680640
-4680640
-4680640
-4680640
-4680640
-4680640
-4680640
-4680640
-4680640
-4680640
-4680640
-4680640
-4680640
-4680640
-4680640
-4680640
-4680640
-4680640
-4680640
-4680640
-4812480
-4812480
-4812480
-4812480
-4812480
-4812480
-4812480
-4812480
-4812480
-4812480
-4812480
-4812480
-4812480
-4812480
-4812480
-4812480
-4944066
-4944066
-4944066
-4944066
-4944066
-4944066
-4944066
-4944066
-4944066
-4944066
-4944066
-4944066
-4944066
-4944066
-4944066
-4944066
-4944066
-4944066
-4944066
-4680381
-4680381
-4680381
-4680381
-4680381
-4680381
-4680381
-4680381
-4680381
-4680381
-4680381
-4680381
-4680381
-4680381
-4680381
-4680381
-4680381
-4680381
-4680381
-4680381
-4680381
-4680381
-4680381
-4680381
-4680381
-4680381
-4680381
-4680381
-4680381
-4680381
-4680381
-4680381
-4680381
-4680381
-4680634
-4680634
-4680634
-4680634
-4680634
-4680634
-4680634
-4680634
-4680634
-4680634
-4680634
-4680634
-4680634
-4680634
-4680634
-4680634
-4680634
-4680634
-4680634
-4680634
-4680634
-4680634
-4680634
-4680634
-4680634
-4680634
-4680634
-4680634
-4680634
-4615101
-4615101
-4615101
-4615101
-4483515
-4483515
-4483515
-4483515
-4483515
-4483515
-4483515
-4483515
-4483515
-4483515
-4483515
-4483515
-4483515
-4483515
-4483515
-4483515
-4483515
-4483515
-4483515
-4483515
-4483515
-4483515
-4483515
-4483515
-4483515
-4483515
-4483515
-4483515
-4483515
-4483515
-4483515
-4483515
-4483515
-4286136
-4286136
-4286136
-4286136
-4286136
-4286136
-4286136
-4286136
-4286136
-4286136
-4286136
-4286136
-4286136
-4286136
-4286136
-4286136
-4286136
-4286136
-4286136
-4286136
-4286136
-4286136
-4286136
-4286136
-4286136
-4286136
-4286136
-4286136
-4286136
-4286136
-4286136
-4286136
-4286136
-4549307
-4549307
-4549307
-4549307
-4549307
-4549307
-4549307
-4549307
-4549307
-4549307
-4549307
-4549307
-4549307
-4549307
-4549307
-4549307
-4549307
-4549307
-4549307
-4549307
-4549307
-4549307
-4549307
-4549307
-4549307
-4549307
-4549307
-4549307
-4549307
-4549307
-4549307
-4549307
-4878272
-4878272
-5206984
-5206984
-5206984
-5206984
-5206984
-5206984
-5206984
-5206984
-5206984
-5206984
-5206984
-5206984
-5206984
-5206984
-5206984
-5206984
-5206984
-5206984
-5206984
-5206984
-5206984
-5206984
-5206984
-5206984
-5206984
-5206984
-5206984
-5206984
-5206984
-5206984
-4614588
-4614588
-4614588
-4614588
-4614588
-4614588
-4614588
-4614588
-4614588
-4614588
-4614588
-4614588
-4614588
-4614588
-4614588
-4614588
-4614588
-4614588
-4614588
-4614588
-4614588
-4614588
-4614588
-4614588
-4614588
-4614588
-4614588
-4614588
-4614588
-4614588
-4614588
-4614588
-3825071
-3825071
-3825071
-3825071
-3825071
-3825071
-3825071
-3825071
-3825071
-3825071
-3825071
-3825071
-3825071
-3825071
-3825071
-3825071
-3825071
-3825071
-3825071
-3825071
-3825071
-3825071
-3825071
-3825071
-3825071
-3825071
-3825071
-3825071
-3825071
-3825071
-3825071
-3825071
-3824555
-3824555
-3824555
-3824555
-3824555
-3824555
-3824555
-3824555
-3824555
-3824555
-3824555
-3824555
-3824555
-3824555
-3824555
-3824555
-3824555
-3824555
-3824555
-3824555
-3824555
-3824555
-3824555
-3824555
-3824555
-3824555
-3824555
-3824555
-3824555
-3824555
-3824555
-3824555
-4153518
-4153518
-4153518
-4153518
-4153518
-4153518
-4153518
-4153518
-4153518
-4153518
-4153518
-4153518
-4153518
-4153518
-4153518
-4153518
-4153518
-4153518
-4153518
-4153518
-4153518
-4153518
-4153518
-4153518
-4153518
-4153518
-4153518
-4153518
-4153518
-4153518
-4153518
-3890085
-3890085
-3890085
-3890085
-3890085
-3890085
-3890085
-3890085
-3890085
-3890085
-3890085
