0.0
0.001
0.002
0.003
0.004
0.0050000004
0.0060000005
0.0070000007
0.008
0.009000001
0.010000001
0.011000001
0.012000001
0.013000001
0.014000001
0.0150000015
0.016
0.017
0.018000001
0.019000001
0.020000001
0.021000002
0.022000002
0.023000002
0.024000002
0.025000002
0.026000002
0.027000003
0.028000003
0.029000003
0.030000003
0.031000003
0.032
0.033
0.033999998
0.034999996
0.035999995
0.036999993
0.03799999
0.03899999
0.039999988
0.040999986
0.041999985
0.042999983
0.04399998
0.04499998
0.045999978
0.046999976
0.047999974
0.048999973
0.04999997
0.05099997
0.051999968
0.052999966
0.053999964
0.054999962
0.05599996
0.05699996
0.057999957
0.058999956
0.059999954
0.060999952
0.06199995
0.06299995
0.06399995
0.06499995
0.065999955
0.06699996
0.06799996
0.06899996
0.06999996
0.070999965
0.07199997
0.07299997
0.07399997
0.07499997
0.075999975
0.07699998
0.07799998
0.07899998
0.07999998
0.080999985
0.08199999
0.08299999
0.08399999
0.08499999
0.085999995
0.087
0.088
0.089
0.09
0.091000006
0.09200001
0.09300001
0.09400001
0.09500001
0.096000016
0.09700002
0.09800002
0.09900002
0.100000024
0.101000026
0.10200003
0.10300003
0.10400003
0.105000034
0.106000036
0.10700004
0.10800004
0.10900004
0.110000044
0.111000046
0.11200005
0.11300005
0.11400005
0.115000054
0.116000056
0.11700006
0.11800006
0.11900006
0.120000064
0.12100007
0.12200007
0.12300007
0.12400007
0.12500007
0.12600008
0.12700008
0.12800008
0.12900008
0.13000008
0.13100009
0.13200009
0.13300009
0.1340001
0.1350001
0.1360001
0.1370001
0.1380001
0.1390001
0.1400001
0.1410001
0.14200011
0.14300011
0.14400011
0.14500012
0.14600012
0.14700012
0.14800012
0.14900012
0.15000013
0.15100013
0.15200013
0.15300013
0.15400013
0.15500014
0.15600014
0.15700014
0.15800014
0.15900014
0.16000015
0.16100015
0.16200015
0.16300015
0.16400015
0.16500016
0.16600016
0.16700016
0.16800016
0.16900016
0.17000017
0.17100017
0.17200017
0.17300017
0.17400017
0.17500018
0.17600018
0.17700018
0.17800018
0.17900018
0.18000019
0.18100019
0.18200019
0.18300019
0.1840002
0.1850002
0.1860002
0.1870002
0.1880002
0.1890002
0.1900002
0.19100021
0.19200021
0.19300021
0.19400021
0.19500022
0.19600022
0.19700022
0.19800022
0.19900022
0.20000023
0.20100023
0.20200023
0.20300023
0.20400023
0.20500024
0.20600024
0.20700024
0.20800024
0.20900024
0.21000025
0.21100025
0.21200025
0.21300025
0.21400025
0.21500026
0.21600026
0.21700026
0.21800026
0.21900027
0.22000027
0.22100027
0.22200027
0.22300027
0.22400028
0.22500028
0.22600028
0.22700028
0.22800028
0.22900029
0.23000029
0.23100029
0.23200029
0.2330003
0.2340003
0.2350003
0.2360003
0.2370003
0.2380003
0.2390003
0.24000031
0.24100031
0.24200031
0.24300031
0.24400032
0.24500032
0.24600032
0.24700032
0.24800032
0.24900033
0.25000033
0.25100031
0.2520003
0.2530003
0.25400028
0.25500026
0.25600025
0.25700024
0.25800022
0.2590002
0.2600002
0.2610002
0.26200017
0.26300016
0.26400015
0.26500013
0.26600012
0.2670001
0.2680001
0.26900008
0.27000007
0.27100006
0.27200004
0.27300003
0.27400002
0.275
0.276
0.27699998
0.27799997
0.27899995
0.27999994
0.28099993
0.28199992
0.2829999
0.2839999
0.28499988
0.28599986
0.28699985
0.28799984
0.28899983
0.2899998
0.2909998
0.2919998
0.29299977
0.29399976
0.29499975
0.29599974
0.29699972
0.2979997
0.2989997
0.29999968
0.30099967
0.30199966
0.30299965
0.30399963
0.30499962
0.3059996
0.3069996
0.30799958
0.30899957
0.30999956
0.31099954
0.31199953
0.31299952
0.3139995
0.3149995
0.31599948
0.31699947
0.31799945
0.31899944
0.31999943
0.3209994
0.3219994
0.3229994
0.32399938
0.32499936
0.32599935
0.32699934
0.32799932
0.3289993
0.3299993
0.33099928
0.33199927
0.33299926
0.33399925
0.33499923
0.33599922
0.3369992
0.3379992
0.33899918
0.33999917
0.34099916
0.34199914
0.34299913
0.34399912
0.3449991
0.3459991
0.34699908
0.34799907
0.34899905
0.34999904
0.35099903
0.351999
0.352999
0.353999
0.35499898
0.35599896
0.35699895
0.35799894
0.35899892
0.3599989
0.3609989
0.3619989
0.36299887
0.36399886
0.36499885
0.36599883
0.36699882
0.3679988
0.3689988
0.36999878
0.37099877
0.37199876
0.37299874
0.37399873
0.37499872
0.3759987
0.3769987
0.37799868
0.37899867
0.37999865
0.38099864
0.38199863
0.38299862
0.3839986
0.3849986
0.38599858
0.38699856
0.38799855
0.38899854
0.38999853
0.3909985
0.3919985
0.3929985
0.39399847
0.39499846
0.39599845
0.39699844
0.39799842
0.3989984
0.3999984
0.40099838
0.40199837
0.40299836
0.40399835
0.40499833
0.40599832
0.4069983
0.4079983
0.40899828
0.40999827
0.41099826
0.41199824
0.41299823
0.41399822
0.4149982
0.4159982
0.41699818
0.41799816
0.41899815
0.41999814
0.42099813
0.4219981
0.4229981
0.4239981
0.42499807
0.42599806
0.42699805
0.42799804
0.42899802
0.429998
0.430998
0.43199798
0.43299797
0.43399796
0.43499795
0.43599793
0.43699792
0.4379979
0.4389979
0.43999788
0.44099787
0.44199786
0.44299784
0.44399783
0.44499782
0.4459978
0.4469978
0.44799778
0.44899777
0.44999775
0.45099774
0.45199773
0.4529977
0.4539977
0.4549977
0.45599768
0.45699766
0.45799765
0.45899764
0.45999762
0.4609976
0.4619976
0.4629976
0.46399757
0.46499756
0.46599755
0.46699753
0.46799752
0.4689975
0.4699975
0.47099748
0.47199747
0.47299746
0.47399744
0.47499743
0.47599742
0.4769974
0.4779974
0.47899738
0.47999737
0.48099735
0.48199734
0.48299733
0.48399732
0.4849973
0.4859973
0.48699728
0.48799726
0.48899725
0.48999724
0.49099723
0.4919972
0.4929972
0.4939972
0.49499717
0.49599716
0.49699715
0.49799713
0.49899712
0.4999971
0.5009971
0.5019971
0.5029971
0.5039971
0.5049971
0.50599706
0.50699705
0.50799704
0.508997
0.509997
0.510997
0.511997
0.512997
0.51399696
0.51499695
0.51599693
0.5169969
0.5179969
0.5189969
0.5199969
0.52099687
0.52199686
0.52299684
0.52399683
0.5249968
0.5259968
0.5269968
0.5279968
0.52899677
0.52999675
0.53099674
0.5319967
0.5329967
0.5339967
0.5349967
0.5359967
0.53699666
0.53799665
0.53899664
0.5399966
0.5409966
0.5419966
0.5429966
0.5439966
0.54499656
0.54599655
0.54699653
0.5479965
0.5489965
0.5499965
0.5509965
0.55199647
0.55299646
0.55399644
0.55499643
0.5559964
0.5569964
0.5579964
0.5589964
0.55999637
0.56099635
0.56199634
0.5629963
0.5639963
0.5649963
0.5659963
0.5669963
0.56799626
0.56899625
0.56999624
0.5709962
0.5719962
0.5729962
0.5739962
0.5749962
0.57599616
0.57699615
0.57799613
0.5789961
0.5799961
0.5809961
0.5819961
0.5829961
0.58399606
0.58499604
0.58599603
0.586996
0.587996
0.588996
0.589996
0.59099597
0.59199595
0.59299594
0.5939959
0.5949959
0.5959959
0.5969959
0.5979959
0.59899586
0.59999585
0.60099584
0.6019958
0.6029958
0.6039958
0.6049958
0.6059958
0.60699576
0.60799575
0.60899574
0.6099957
0.6109957
0.6119957
0.6129957
0.6139957
0.61499566
0.61599565
0.61699563
0.6179956
0.6189956
0.6199956
0.6209956
0.62199557
0.62299556
0.62399554
0.6249955
0.6259955
0.6269955
0.6279955
0.6289955
0.62999547
0.63099545
0.63199544
0.6329954
0.6339954
0.6349954
0.6359954
0.6369954
0.63799536
0.63899535
0.63999534
0.6409953
0.6419953
0.6429953
0.6439953
0.6449953
0.64599526
0.64699525
0.64799523
0.6489952
0.6499952
0.6509952
0.6519952
0.65299517
0.65399516
0.65499514
0.65599513
0.6569951
0.6579951
0.6589951
0.6599951
0.66099507
0.66199505
0.66299504
0.663995
0.664995
0.665995
0.666995
0.667995
0.66899496
0.66999495
0.67099494
0.6719949
0.6729949
0.6739949
0.6749949
0.6759949
0.67699486
0.67799485
0.67899483
0.6799948
0.6809948
0.6819948
0.6829948
0.68399477
0.68499476
0.68599474
0.68699473
0.6879947
0.6889947
0.6899947
0.6909947
0.69199467
0.69299465
0.69399464
0.6949946
0.6959946
0.6969946
0.6979946
0.6989946
0.69999456
0.70099455
0.70199454
0.7029945
0.7039945
0.7049945
0.7059945
0.7069945
0.70799446
0.70899445
0.70999444
0.7109944
0.7119944
0.7129944
0.7139944
0.7149944
0.71599436
0.71699435
0.71799433
0.7189943
0.7199943
0.7209943
0.7219943
0.72299427
0.72399426
0.72499424
0.7259942
0.7269942
0.7279942
0.7289942
0.7299942
0.73099416
0.73199415
0.73299414
0.7339941
0.7349941
0.7359941
0.7369941
0.7379941
0.73899406
0.73999405
0.74099404
0.741994
0.742994
0.743994
0.744994
0.745994
0.74699396
0.74799395
0.74899393
0.7499939
0.7509939
0.7519939
0.7529939
0.75399387
0.75499386
0.75599384
0.75699383
0.7579938
0.7589938
0.7599938
0.7609938
0.76199377
0.76299375
0.76399374
0.7649937
0.7659937
0.7669937
0.7679937
0.7689937
0.76999366
0.77099365
0.77199364
0.7729936
0.7739936
0.7749936
0.7759936
0.7769936
0.77799356
0.77899355
0.77999353
0.7809935
0.7819935
0.7829935
0.7839935
0.78499347
0.78599346
0.78699344
0.78799343
0.7889934
0.7899934
0.7909934
0.7919934
0.79299337
0.79399335
0.79499334
0.7959933
0.7969933
0.7979933
0.7989933
0.7999933
0.80099326
0.80199325
0.80299324
0.8039932
0.8049932
0.8059932
0.8069932
0.8079932
0.80899316
0.80999315
0.81099313
0.8119931
0.8129931
0.8139931
0.8149931
0.8159931
0.81699306
0.81799304
0.81899303
0.819993
0.820993
0.821993
0.822993
0.82399297
0.82499295
0.82599294
0.8269929
0.8279929
0.8289929
0.8299929
0.8309929
0.83199286
0.83299285
0.83399284
0.8349928
0.8359928
0.8369928
0.8379928
0.8389928
0.83999276
0.84099275
0.84199274
0.8429927
0.8439927
0.8449927
0.8459927
0.8469927
0.84799266
0.84899265
0.84999263
0.8509926
0.8519926
0.8529926
0.8539926
0.85499257
0.85599256
0.85699254
0.85799253
0.8589925
0.8599925
0.8609925
0.8619925
0.86299247
0.86399245
0.86499244
0.8659924
0.8669924
0.8679924
0.8689924
0.8699924
0.87099236
0.87199235
0.87299234
0.8739923
0.8749923
0.8759923
0.8769923
0.8779923
0.87899226
0.87999225
0.88099223
0.8819922
0.8829922
0.8839922
0.8849922
0.88599217
0.88699216
0.88799214
0.88899213
0.8899921
0.8909921
0.8919921
0.8929921
0.89399207
0.89499205
0.89599204
0.896992
0.897992
0.898992
0.899992
0.900992
0.90199196
0.90299195
0.90399194
0.9049919
0.9059919
0.9069919
0.9079919
0.9089919
0.90999186
0.91099185
0.91199183
0.9129918
0.9139918
0.9149918
0.9159918
0.9169918
0.91799176
0.91899174
0.91999173
0.9209917
0.9219917
0.9229917
0.9239917
0.92499167
0.92599165
0.92699164
0.9279916
0.9289916
0.9299916
0.9309916
0.9319916
0.93299156
0.93399155
0.93499154
0.9359915
0.9369915
0.9379915
0.9389915
0.9399915
0.94099146
0.94199145
0.94299144
0.9439914
0.9449914
0.9459914
0.9469914
0.9479914
0.94899136
0.94999135
0.95099133
0.9519913
0.9529913
0.9539913
0.9549913
0.95599127
0.95699126
0.95799124
0.9589912
0.9599912
0.9609912
0.9619912
0.9629912
0.96399117
0.96499115
0.96599114
0.9669911
0.9679911
0.9689911
0.9699911
0.9709911
0.97199106
0.97299105
0.97399104
0.974991
0.975991
0.976991
0.977991
0.978991
0.97999096
0.98099095
0.98199093
0.9829909
0.9839909
0.9849909
0.9859909
0.98699087
0.98799086
0.98899084
0.98999083
0.9909908
0.9919908
0.9929908
0.9939908
0.99499077
0.99599075
0.99699074
0.9979907
0.9989907
0.9999907
1.0009907
1.0019908
1.0029908
1.0039909
1.0049909
1.005991
1.006991
1.0079911
1.0089911
1.0099912
1.0109912
1.0119913
1.0129913
1.0139914
1.0149914
1.0159914
1.0169915
1.0179915
1.0189916
1.0199916
1.0209917
1.0219917
1.0229918
1.0239918
1.0249919
1.0259919
1.026992
1.027992
1.028992
1.0299921
1.0309922
1.0319922
1.0329922
1.0339923
1.0349923
1.0359924
1.0369924
1.0379925
1.0389925
1.0399926
1.0409926
1.0419927
1.0429927
1.0439928
1.0449928
1.0459929
1.0469929
1.047993
1.048993
1.049993
1.0509931
1.0519931
1.0529932
1.0539932
1.0549933
1.0559933
1.0569934
1.0579934
1.0589935
1.0599935
1.0609936
1.0619936
1.0629936
1.0639937
1.0649937
1.0659938
1.0669938
1.0679939
1.0689939
1.069994
1.070994
1.0719941
1.0729941
1.0739942
1.0749942
1.0759943
1.0769943
1.0779943
1.0789944
1.0799944
1.0809945
1.0819945
1.0829946
1.0839946
1.0849947
1.0859947
1.0869948
1.0879948
1.0889949
1.0899949
1.090995
1.091995
1.092995
1.0939951
1.0949951
1.0959952
1.0969952
1.0979953
1.0989953
1.0999954
1.1009954
1.1019955
1.1029955
1.1039956
1.1049956
1.1059957
1.1069957
1.1079957
1.1089958
1.1099958
1.1109959
1.1119959
1.112996
1.113996
1.1149961
1.1159961
1.1169962
1.1179962
1.1189963
1.1199963
1.1209964
1.1219964
1.1229964
1.1239965
1.1249965
1.1259966
1.1269966
1.1279967
1.1289967
1.1299968
1.1309968
1.1319969
1.1329969
1.133997
1.134997
1.135997
1.1369971
1.1379972
1.1389972
1.1399972
1.1409973
1.1419973
1.1429974
1.1439974
1.1449975
1.1459975
1.1469976
1.1479976
1.1489977
1.1499977
1.1509978
1.1519978
1.1529979
1.1539979
1.154998
1.155998
1.156998
1.1579981
1.1589981
1.1599982
1.1609982
1.1619983
1.1629983
1.1639984
1.1649984
1.1659985
1.1669985
1.1679986
1.1689986
1.1699986
1.1709987
1.1719987
1.1729988
1.1739988
1.1749989
1.1759989
1.176999
1.177999
1.1789991
1.1799991
1.1809992
1.1819992
1.1829993
1.1839993
1.1849993
1.1859994
1.1869994
1.1879995
1.1889995
1.1899996
1.1909996
1.1919997
1.1929997
1.1939998
1.1949998
1.1959999
1.1969999
1.198
1.199
1.2
1.2010001
1.2020001
1.2030002
1.2040002
1.2050003
1.2060003
1.2070004
1.2080004
1.2090005
1.2100005
1.2110006
1.2120006
1.2130007
1.2140007
1.2150007
1.2160008
1.2170008
1.2180009
1.2190009
1.220001
1.221001
1.2220011
1.2230011
1.2240012
1.2250012
1.2260013
1.2270013
1.2280014
1.2290014
1.2300014
1.2310015
1.2320015
1.2330016
1.2340016
1.2350017
1.2360017
1.2370018
1.2380018
1.2390019
1.2400019
1.241002
1.242002
1.243002
1.2440021
1.2450022
1.2460022
1.2470022
1.2480023
1.2490023
1.2500024
1.2510024
1.2520025
1.2530025
1.2540026
1.2550026
1.2560027
1.2570027
1.2580028
1.2590028
1.2600029
1.2610029
1.262003
1.263003
1.264003
1.2650031
1.2660031
1.2670032
1.2680032
1.2690033
1.2700033
1.2710034
1.2720034
1.2730035
1.2740035
1.2750036
1.2760036
1.2770036
1.2780037
1.2790037
1.2800038
1.2810038
1.2820039
1.2830039
1.284004
1.285004
1.2860041
1.2870041
1.2880042
1.2890042
1.2900043
1.2910043
1.2920043
1.2930044
1.2940044
1.2950045
1.2960045
1.2970046
1.2980046
1.2990047
1.3000047
1.3010048
1.3020048
1.3030049
1.3040049
1.305005
1.306005
1.307005
1.3080051
1.3090051
1.3100052
1.3110052
1.3120053
1.3130053
1.3140054
1.3150054
1.3160055
1.3170055
1.3180056
1.3190056
1.3200057
1.3210057
1.3220057
1.3230058
1.3240058
1.3250059
1.3260059
1.327006
1.328006
1.3290061
1.3300061
1.3310062
1.3320062
1.3330063
1.3340063
1.3350064
1.3360064
1.3370064
1.3380065
1.3390065
1.3400066
1.3410066
1.3420067
1.3430067
1.3440068
1.3450068
1.3460069
1.3470069
1.348007
1.349007
1.350007
1.3510071
1.3520072
1.3530072
1.3540072
1.3550073
1.3560073
1.3570074
1.3580074
1.3590075
1.3600075
1.3610076
1.3620076
1.3630077
1.3640077
1.3650078
1.3660078
1.3670079
1.3680079
1.369008
1.370008
1.371008
1.3720081
1.3730081
1.3740082
1.3750082
1.3760083
1.3770083
1.3780084
1.3790084
1.3800085
1.3810085
1.3820086
1.3830086
1.3840086
1.3850087
1.3860087
1.3870088
1.3880088
1.3890089
1.3900089
1.391009
1.392009
1.3930091
1.3940091
1.3950092
1.3960092
1.3970093
1.3980093
1.3990093
1.4000094
1.4010094
1.4020095
1.4030095
1.4040096
1.4050096
1.4060097
1.4070097
1.4080098
1.4090098
1.4100099
1.4110099
1.41201
1.41301
1.41401
1.4150101
1.4160101
1.4170102
1.4180102
1.4190103
1.4200103
1.4210104
1.4220104
1.4230105
1.4240105
1.4250106
1.4260106
1.4270107
1.4280107
1.4290107
1.4300108
1.4310108
1.4320109
1.4330109
1.434011
1.435011
1.4360111
1.4370111
1.4380112
1.4390112
1.4400113
1.4410113
1.4420114
1.4430114
1.4440114
1.4450115
1.4460115
1.4470116
1.4480116
1.4490117
1.4500117
1.4510118
1.4520118
1.4530119
1.4540119
1.455012
1.456012
1.457012
1.4580121
1.4590122
1.4600122
1.4610122
1.4620123
1.4630123
1.4640124
1.4650124
1.4660125
1.4670125
1.4680126
1.4690126
1.4700127
1.4710127
1.4720128
1.4730128
1.4740129
1.4750129
1.476013
1.477013
1.478013
1.4790131
1.4800131
1.4810132
1.4820132
1.4830133
1.4840133
1.4850134
1.4860134
1.4870135
1.4880135
1.4890136
1.4900136
1.4910136
1.4920137
1.4930137
1.4940138
1.4950138
1.4960139
1.4970139
1.498014
1.499014
1.5000141
1.5010141
1.5020142
1.5030142
1.5040143
1.5050143
1.5060143
1.5070144
1.5080144
1.5090145
1.5100145
1.5110146
1.5120146
1.5130147
1.5140147
1.5150148
1.5160148
1.5170149
1.5180149
1.519015
1.520015
1.521015
1.5220151
1.5230151
1.5240152
1.5250152
1.5260153
1.5270153
1.5280154
1.5290154
1.5300155
1.5310155
1.5320156
1.5330156
1.5340157
1.5350157
1.5360157
1.5370158
1.5380158
1.5390159
1.5400159
1.541016
1.542016
1.5430161
1.5440161
1.5450162
1.5460162
1.5470163
1.5480163
1.5490164
1.5500164
1.5510164
1.5520165
1.5530165
1.5540166
1.5550166
1.5560167
1.5570167
1.5580168
1.5590168
1.5600169
1.5610169
1.562017
1.563017
1.564017
1.5650171
1.5660172
1.5670172
1.5680172
1.5690173
1.5700173
1.5710174
1.5720174
1.5730175
1.5740175
1.5750176
1.5760176
1.5770177
1.5780177
1.5790178
1.5800178
1.5810179
1.5820179
1.583018
1.584018
1.585018
1.5860181
1.5870181
1.5880182
1.5890182
1.5900183
1.5910183
1.5920184
1.5930184
1.5940185
1.5950185
1.5960186
1.5970186
1.5980186
1.5990187
1.6000187
1.6010188
1.6020188
1.6030189
1.6040189
1.605019
1.606019
1.6070191
1.6080191
1.6090192
1.6100192
1.6110193
1.6120193
1.6130193
1.6140194
1.6150194
1.6160195
1.6170195
1.6180196
1.6190196
1.6200197
1.6210197
1.6220198
1.6230198
1.6240199
1.6250199
1.62602
1.62702
1.62802
1.6290201
1.6300201
1.6310202
1.6320202
1.6330203
1.6340203
1.6350204
1.6360204
1.6370205
1.6380205
1.6390206
1.6400206
1.6410207
1.6420207
1.6430207
1.6440208
1.6450208
1.6460209
1.6470209
1.648021
1.649021
1.6500211
1.6510211
1.6520212
1.6530212
1.6540213
1.6550213
1.6560214
1.6570214
1.6580215
1.6590215
1.6600215
1.6610216
1.6620216
1.6630217
1.6640217
1.6650218
1.6660218
1.6670219
1.6680219
1.669022
1.670022
1.671022
1.6720221
1.6730222
1.6740222
1.6750222
1.6760223
1.6770223
1.6780224
1.6790224
1.6800225
1.6810225
1.6820226
1.6830226
1.6840227
1.6850227
1.6860228
1.6870228
1.6880229
1.6890229
1.690023
1.691023
1.692023
1.6930231
1.6940231
1.6950232
1.6960232
1.6970233
1.6980233
1.6990234
1.7000234
1.7010235
1.7020235
1.7030236
1.7040236
1.7050236
1.7060237
1.7070237
1.7080238
1.7090238
1.7100239
1.7110239
1.712024
1.713024
1.7140241
1.7150241
1.7160242
1.7170242
1.7180243
1.7190243
1.7200243
1.7210244
1.7220244
1.7230245
1.7240245
1.7250246
1.7260246
1.7270247
1.7280247
1.7290248
1.7300248
1.7310249
1.7320249
1.733025
1.734025
1.735025
1.7360251
1.7370251
1.7380252
1.7390252
1.7400253
1.7410253
1.7420254
1.7430254
1.7440255
1.7450255
1.7460256
1.7470256
1.7480257
1.7490257
1.7500257
1.7510258
1.7520258
1.7530259
1.7540259
1.755026
1.756026
1.7570261
1.7580261
1.7590262
1.7600262
1.7610263
1.7620263
1.7630264
1.7640264
1.7650265
1.7660265
1.7670265
1.7680266
1.7690266
1.7700267
1.7710267
1.7720268
1.7730268
1.7740269
1.7750269
1.776027
1.777027
1.778027
1.7790271
1.7800272
1.7810272
1.7820272
1.7830273
1.7840273
1.7850274
1.7860274
1.7870275
1.7880275
1.7890276
1.7900276
1.7910277
1.7920277
1.7930278
1.7940278
1.7950279
1.7960279
1.797028
1.798028
1.799028
1.8000281
1.8010281
1.8020282
1.8030282
1.8040283
1.8050283
1.8060284
1.8070284
1.8080285
1.8090285
1.8100286
1.8110286
1.8120286
1.8130287
1.8140287
1.8150288
1.8160288
1.8170289
1.8180289
1.819029
1.820029
1.8210291
1.8220291
1.8230292
1.8240292
1.8250293
1.8260293
1.8270293
1.8280294
1.8290294
1.8300295
1.8310295
1.8320296
1.8330296
1.8340297
1.8350297
1.8360298
1.8370298
1.8380299
1.8390299
1.84003
1.84103
1.84203
1.8430301
1.8440301
1.8450302
1.8460302
1.8470303
1.8480303
1.8490304
1.8500304
1.8510305
1.8520305
1.8530306
1.8540306
1.8550307
1.8560307
1.8570307
1.8580308
1.8590308
1.8600309
1.8610309
1.862031
1.863031
1.8640311
1.8650311
1.8660312
1.8670312
1.8680313
1.8690313
1.8700314
1.8710314
1.8720315
1.8730315
1.8740315
1.8750316
1.8760316
1.8770317
1.8780317
1.8790318
1.8800318
1.8810319
1.8820319
1.883032
1.884032
1.885032
1.8860321
1.8870322
1.8880322
1.8890322
1.8900323
1.8910323
1.8920324
1.8930324
1.8940325
1.8950325
1.8960326
1.8970326
1.8980327
1.8990327
1.9000328
1.9010328
1.9020329
1.9030329
1.904033
1.905033
1.906033
1.9070331
1.9080331
1.9090332
1.9100332
1.9110333
1.9120333
1.9130334
1.9140334
1.9150335
1.9160335
1.9170336
1.9180336
1.9190336
1.9200337
1.9210337
1.9220338
1.9230338
1.9240339
1.9250339
1.926034
1.927034
1.9280341
1.9290341
1.9300342
1.9310342
1.9320343
1.9330343
1.9340343
1.9350344
1.9360344
1.9370345
1.9380345
1.9390346
1.9400346
1.9410347
1.9420347
1.9430348
1.9440348
1.9450349
1.9460349
1.947035
1.948035
1.949035
1.9500351
1.9510351
1.9520352
1.9530352
1.9540353
1.9550353
1.9560354
1.9570354
1.9580355
1.9590355
1.9600356
1.9610356
1.9620357
1.9630357
1.9640357
1.9650358
1.9660358
1.9670359
1.9680359
1.969036
1.970036
1.9710361
1.9720361
1.9730362
1.9740362
1.9750363
1.9760363
1.9770364
1.9780364
1.9790365
1.9800365
1.9810365
1.9820366
1.9830366
1.9840367
1.9850367
1.9860368
1.9870368
1.9880369
1.9890369
1.990037
1.991037
1.992037
1.9930371
1.9940372
1.9950372
1.9960372
1.9970373
1.9980373
1.9990374
2.0000374
2.0010374
2.0020373
2.0030372
2.0040371
2.005037
2.006037
2.007037
2.0080369
2.0090368
2.0100367
2.0110366
2.0120366
2.0130365
2.0140364
2.0150363
2.0160363
2.0170362
2.0180361
2.019036
2.020036
2.021036
2.0220358
2.0230358
2.0240357
2.0250356
2.0260355
2.0270355
2.0280354
2.0290353
2.0300353
2.0310352
2.032035
2.033035
2.034035
2.035035
2.0360348
2.0370347
2.0380347
2.0390346
2.0400345
2.0410345
2.0420344
2.0430343
2.0440342
2.0450342
2.046034
2.047034
2.048034
2.0490339
2.0500338
2.0510337
2.0520337
2.0530336
2.0540335
2.0550334
2.0560334
2.0570333
2.0580332
2.0590332
2.060033
2.061033
2.062033
2.0630329
2.0640328
2.0650327
2.0660326
2.0670326
2.0680325
2.0690324
2.0700324
2.0710323
2.0720322
2.0730321
2.074032
2.075032
2.076032
2.0770319
2.0780318
2.0790317
2.0800316
2.0810316
2.0820315
2.0830314
2.0840313
2.0850313
2.0860312
2.0870311
2.088031
2.089031
2.090031
2.0910308
2.0920308
2.0930307
2.0940306
2.0950305
2.0960305
2.0970304
2.0980303
2.0990303
2.1000302
2.10103
2.10203
2.10303
2.10403
2.1050298
2.1060297
2.1070297
2.1080296
2.1090295
2.1100295
2.1110294
2.1120293
2.1130292
2.1140292
2.115029
2.116029
2.117029
2.1180289
2.1190288
2.1200287
2.1210287
2.1220286
2.1230285
2.1240284
2.1250284
2.1260283
2.1270282
2.1280282
2.129028
2.130028
2.131028
2.1320279
2.1330278
2.1340277
2.1350276
2.1360276
2.1370275
2.1380274
2.1390274
2.1400273
2.1410272
2.1420271
2.143027
2.144027
2.145027
2.1460268
2.1470268
2.1480267
2.1490266
2.1500266
2.1510265
2.1520264
2.1530263
2.1540263
2.1550262
2.1560261
2.157026
2.158026
2.159026
2.1600258
2.1610258
2.1620257
2.1630256
2.1640255
2.1650255
2.1660254
2.1670253
2.1680253
2.1690252
2.170025
2.171025
2.172025
2.173025
2.1740248
2.1750247
2.1760247
2.1770246
2.1780245
2.1790245
2.1800244
2.1810243
2.1820242
2.1830242
2.184024
2.185024
2.186024
2.1870239
2.1880238
2.1890237
2.1900237
2.1910236
2.1920235
2.1930234
2.1940234
2.1950233
2.1960232
2.1970232
2.198023
2.199023
2.200023
2.2010229
2.2020228
2.2030227
2.2040226
2.2050226
2.2060225
2.2070224
2.2080224
2.2090223
2.2100222
2.2110221
2.212022
2.213022
2.214022
2.2150218
2.2160218
2.2170217
2.2180216
2.2190216
2.2200215
2.2210214
2.2220213
2.2230213
2.2240212
2.2250211
2.226021
2.227021
2.228021
2.2290208
2.2300208
2.2310207
2.2320206
2.2330205
2.2340205
2.2350204
2.2360203
2.2370203
2.2380202
2.23902
2.24002
2.24102
2.24202
2.2430198
2.2440197
2.2450197
2.2460196
2.2470195
2.2480195
2.2490194
2.2500193
2.2510192
2.2520192
2.253019
2.254019
2.255019
2.2560189
2.2570188
2.2580187
2.2590187
2.2600186
2.2610185
2.2620184
2.2630184
2.2640183
2.2650182
2.2660182
2.267018
2.268018
2.269018
2.2700179
2.2710178
2.2720177
2.2730176
2.2740176
2.2750175
2.2760174
2.2770174
2.2780173
2.2790172
2.2800171
2.281017
2.282017
2.283017
2.2840168
2.2850168
2.2860167
2.2870166
2.2880166
2.2890165
2.2900164
2.2910163
2.2920163
2.2930162
2.2940161
2.295016
2.296016
2.297016
2.2980158
2.2990158
2.3000157
2.3010156
2.3020155
2.3030155
2.3040154
2.3050153
2.3060153
2.3070152
2.308015
2.309015
2.310015
2.311015
2.3120148
2.3130147
2.3140147
2.3150146
2.3160145
2.3170145
2.3180144
2.3190143
2.3200142
2.3210142
2.322014
2.323014
2.324014
2.3250139
2.3260138
2.3270137
2.3280137
2.3290136
2.3300135
2.3310134
2.3320134
2.3330133
2.3340132
2.3350132
2.336013
2.337013
2.338013
2.3390129
2.3400128
2.3410127
2.3420126
2.3430126
2.3440125
2.3450124
2.3460124
2.3470123
2.3480122
2.3490121
2.350012
2.351012
2.352012
2.3530118
2.3540118
2.3550117
2.3560116
2.3570116
2.3580115
2.3590114
2.3600113
2.3610113
2.3620112
2.3630111
2.364011
2.365011
2.366011
2.3670108
2.3680108
2.3690107
2.3700106
2.3710105
2.3720105
2.3730104
2.3740103
2.3750103
2.3760102
2.37701
2.37801
2.37901
2.38001
2.3810098
2.3820097
2.3830097
2.3840096
2.3850095
2.3860095
2.3870094
2.3880093
2.3890092
2.3900092
2.391009
2.392009
2.393009
2.3940089
2.3950088
2.3960087
2.3970087
2.3980086
2.3990085
2.4000084
2.4010084
2.4020083
2.4030082
2.4040082
2.405008
2.406008
2.407008
2.4080079
2.4090078
2.4100077
2.4110076
2.4120076
2.4130075
2.4140074
2.4150074
2.4160073
2.4170072
2.4180071
2.419007
2.420007
2.421007
2.4220068
2.4230068
2.4240067
2.4250066
2.4260066
2.4270065
2.4280064
2.4290063
2.4300063
2.4310062
2.4320061
2.433006
2.434006
2.435006
2.4360058
2.4370058
2.4380057
2.4390056
2.4400055
2.4410055
2.4420054
2.4430053
2.4440053
2.4450052
2.446005
2.447005
2.448005
2.449005
2.4500048
2.4510047
2.4520047
2.4530046
2.4540045
2.4550045
2.4560044
2.4570043
2.4580042
2.4590042
2.460004
2.461004
2.462004
2.4630039
2.4640038
2.4650037
2.4660037
2.4670036
2.4680035
2.4690034
2.4700034
2.4710033
2.4720032
2.4730031
2.474003
2.475003
2.476003
2.4770029
2.4780028
2.4790027
2.4800026
2.4810026
2.4820025
2.4830024
2.4840024
2.4850023
2.4860022
2.4870021
2.488002
2.489002
2.490002
2.4910018
2.4920018
2.4930017
2.4940016
2.4950016
2.4960015
2.4970014
2.4980013
2.4990013
2.5000012
2.5010011
2.502001
2.503001
2.504001
2.5050008
2.5060008
2.5070007
2.5080006
2.5090005
2.5100005
2.5110004
2.5120003
2.5130002
2.5140002
2.515
2.516
2.517
2.518
2.5189998
2.5199997
2.5209997
2.5219996
2.5229995
2.5239995
2.5249994
2.5259993
2.5269992
2.5279992
2.528999
2.529999
2.530999
2.5319989
2.5329988
2.5339987
2.5349987
2.5359986
2.5369985
2.5379984
2.5389984
2.5399983
2.5409982
2.5419981
2.542998
2.543998
2.544998
2.5459979
2.5469978
2.5479977
2.5489976
2.5499976
2.5509975
2.5519974
2.5529974
2.5539973
2.5549972
2.5559971
2.556997
2.557997
2.558997
2.5599968
2.5609968
2.5619967
2.5629966
2.5639966
2.5649965
2.5659964
2.5669963
2.5679963
2.5689962
2.569996
2.570996
2.571996
2.572996
2.5739958
2.5749958
2.5759957
2.5769956
2.5779955
2.5789955
2.5799954
2.5809953
2.5819952
2.5829952
2.583995
2.584995
2.585995
2.586995
2.5879948
2.5889947
2.5899947
2.5909946
2.5919945
2.5929945
2.5939944
2.5949943
2.5959942
2.5969942
2.597994
2.598994
2.599994
2.6009939
2.6019938
2.6029937
2.6039937
2.6049936
2.6059935
2.6069934
2.6079934
2.6089933
2.6099932
2.6109931
2.611993
2.612993
2.613993
2.6149929
2.6159928
2.6169927
2.6179926
2.6189926
2.6199925
2.6209924
2.6219923
2.6229923
2.6239922
2.6249921
2.625992
2.626992
2.627992
2.6289918
2.6299918
2.6309917
2.6319916
2.6329916
2.6339915
2.6349914
2.6359913
2.6369913
2.6379912
2.638991
2.639991
2.640991
2.641991
2.6429908
2.6439908
2.6449907
2.6459906
2.6469905
2.6479905
2.6489904
2.6499903
2.6509902
2.6519902
2.65299
2.65399
2.65499
2.65599
2.6569898
2.6579897
2.6589897
2.6599896
2.6609895
2.6619895
2.6629894
2.6639893
2.6649892
2.6659892
2.666989
2.667989
2.668989
2.6699889
2.6709888
2.6719887
2.6729887
2.6739886
2.6749885
2.6759884
2.6769884
2.6779883
2.6789882
2.6799881
2.680988
2.681988
2.682988
2.6839879
2.6849878
2.6859877
2.6869876
2.6879876
2.6889875
2.6899874
2.6909873
2.6919873
2.6929872
2.6939871
2.694987
2.695987
2.696987
2.6979868
2.6989868
2.6999867
2.7009866
2.7019866
2.7029865
2.7039864
2.7049863
2.7059863
2.7069862
2.707986
2.708986
2.709986
2.710986
2.7119858
2.7129858
2.7139857
2.7149856
2.7159855
2.7169855
2.7179854
2.7189853
2.7199852
2.7209852
2.721985
2.722985
2.723985
2.724985
2.7259848
2.7269847
2.7279847
2.7289846
2.7299845
2.7309844
2.7319844
2.7329843
2.7339842
2.7349842
2.735984
2.736984
2.737984
2.7389839
2.7399838
2.7409837
2.7419837
2.7429836
2.7439835
2.7449834
2.7459834
2.7469833
2.7479832
2.7489831
2.749983
2.750983
2.751983
2.7529829
2.7539828
2.7549827
2.7559826
2.7569826
2.7579825
2.7589824
2.7599823
2.7609823
2.7619822
2.7629821
2.763982
2.764982
2.765982
2.7669818
2.7679818
2.7689817
2.7699816
2.7709816
2.7719815
2.7729814
2.7739813
2.7749813
2.7759812
2.776981
2.777981
2.778981
2.779981
2.7809808
2.7819808
2.7829807
2.7839806
2.7849805
2.7859805
2.7869804
2.7879803
2.7889802
2.7899802
2.79098
2.79198
2.79298
2.79398
2.7949798
2.7959797
2.7969797
2.7979796
2.7989795
2.7999794
2.8009794
2.8019793
2.8029792
2.8039792
2.804979
2.805979
2.806979
2.8079789
2.8089788
2.8099787
2.8109787
2.8119786
2.8129785
2.8139784
2.8149784
2.8159783
2.8169782
2.8179781
2.818978
2.819978
2.820978
2.8219779
2.8229778
2.8239777
2.8249776
2.8259776
2.8269775
2.8279774
2.8289773
2.8299773
2.8309772
2.8319771
2.832977
2.833977
2.834977
2.8359768
2.8369768
2.8379767
2.8389766
2.8399765
2.8409765
2.8419764
2.8429763
2.8439763
2.8449762
2.845976
2.846976
2.847976
2.848976
2.8499758
2.8509758
2.8519757
2.8529756
2.8539755
2.8549755
2.8559754
2.8569753
2.8579752
2.8589752
2.859975
2.860975
2.861975
2.862975
2.8639748
2.8649747
2.8659747
2.8669746
2.8679745
2.8689744
2.8699744
2.8709743
2.8719742
2.8729742
2.873974
2.874974
2.875974
2.8769739
2.8779738
2.8789737
2.8799736
2.8809736
2.8819735
2.8829734
2.8839734
2.8849733
2.8859732
2.8869731
2.887973
2.888973
2.889973
2.8909729
2.8919728
2.8929727
2.8939726
2.8949726
2.8959725
2.8969724
2.8979723
2.8989723
2.8999722
2.9009721
2.901972
2.902972
2.903972
2.9049718
2.9059718
2.9069717
2.9079716
2.9089715
2.9099715
2.9109714
2.9119713
2.9129713
2.9139712
2.914971
2.915971
2.916971
2.917971
2.9189708
2.9199708
2.9209707
2.9219706
2.9229705
2.9239705
2.9249704
2.9259703
2.9269702
2.9279702
2.92897
2.92997
2.93097
2.93197
2.9329698
2.9339697
2.9349697
2.9359696
2.9369695
2.9379694
2.9389694
2.9399693
2.9409692
2.9419692
2.942969
2.943969
2.944969
2.9459689
2.9469688
2.9479687
2.9489686
2.9499686
2.9509685
2.9519684
2.9529684
2.9539683
2.9549682
2.9559681
2.956968
2.957968
2.958968
2.9599679
2.9609678
2.9619677
2.9629676
2.9639676
2.9649675
2.9659674
2.9669673
2.9679673
2.9689672
2.9699671
2.970967
2.971967
2.972967
2.9739668
2.9749668
2.9759667
2.9769666
2.9779665
2.9789665
2.9799664
2.9809663
2.9819663
2.9829662
2.983966
2.984966
2.985966
2.986966
2.9879658
2.9889657
2.9899657
2.9909656
2.9919655
2.9929655
2.9939654
2.9949653
2.9959652
2.9969652
2.997965
2.998965
2.999965
3.0009649
3.0019648
3.0029647
3.0039647
3.0049646
3.0059645
3.0069644
3.0079644
3.0089643
3.0099642
3.0109642
3.011964
3.012964
3.013964
3.0149639
3.0159638
3.0169637
3.0179636
3.0189636
3.0199635
3.0209634
3.0219634
3.0229633
3.0239632
3.0249631
3.025963
3.026963
3.027963
3.0289629
3.0299628
3.0309627
3.0319626
3.0329626
3.0339625
3.0349624
3.0359623
3.0369623
3.0379622
3.0389621
3.039962
3.040962
3.041962
3.0429618
3.0439618
3.0449617
3.0459616
3.0469615
3.0479615
3.0489614
3.0499613
3.0509613
3.0519612
3.052961
3.053961
3.054961
3.055961
3.0569608
3.0579607
3.0589607
3.0599606
3.0609605
3.0619605
3.0629604
3.0639603
3.0649602
3.0659602
3.06696
3.06796
3.06896
3.0699599
3.0709598
3.0719597
3.0729597
3.0739596
3.0749595
3.0759594
3.0769594
3.0779593
3.0789592
3.0799592
3.080959
3.081959
3.082959
3.0839589
3.0849588
3.0859587
3.0869586
3.0879586
3.0889585
3.0899584
3.0909584
3.0919583
3.0929582
3.0939581
3.094958
3.095958
3.096958
3.0979578
3.0989578
3.0999577
3.1009576
3.1019576
3.1029575
3.1039574
3.1049573
3.1059573
3.1069572
3.1079571
3.108957
3.109957
3.110957
3.1119568
3.1129568
3.1139567
3.1149566
3.1159565
3.1169565
3.1179564
3.1189563
3.1199563
3.1209562
3.121956
3.122956
3.123956
3.124956
3.1259558
3.1269557
3.1279557
3.1289556
3.1299555
3.1309555
3.1319554
3.1329553
3.1339552
3.1349552
3.135955
3.136955
3.137955
3.1389549
3.1399548
3.1409547
3.1419547
3.1429546
3.1439545
3.1449544
3.1459544
3.1469543
3.1479542
3.1489542
3.149954
3.150954
3.151954
3.1529539
3.1539538
3.1549537
3.1559536
3.1569536
3.1579535
3.1589534
3.1599534
3.1609533
3.1619532
3.1629531
3.163953
3.164953
3.165953
3.1669528
3.1679528
3.1689527
3.1699526
3.1709526
3.1719525
3.1729524
3.1739523
3.1749523
3.1759522
3.1769521
3.177952
3.178952
3.179952
3.1809518
3.1819518
3.1829517
3.1839516
3.1849515
3.1859515
3.1869514
3.1879513
3.1889513
3.1899512
3.190951
3.191951
3.192951
3.193951
3.1949508
3.1959507
3.1969507
3.1979506
3.1989505
3.1999505
3.2009504
3.2019503
3.2029502
3.2039502
3.20495
3.20595
3.20695
3.2079499
3.2089498
3.2099497
3.2109497
3.2119496
3.2129495
3.2139494
3.2149494
3.2159493
3.2169492
3.2179492
3.218949
3.219949
3.220949
3.2219489
3.2229488
3.2239487
3.2249486
3.2259486
3.2269485
3.2279484
3.2289484
3.2299483
3.2309482
3.2319481
3.232948
3.233948
3.234948
3.2359478
3.2369478
3.2379477
3.2389476
3.2399476
3.2409475
3.2419474
3.2429473
3.2439473
3.2449472
3.2459471
3.246947
3.247947
3.248947
3.2499468
3.2509468
3.2519467
3.2529466
3.2539465
3.2549465
3.2559464
3.2569463
3.2579463
3.2589462
3.259946
3.260946
3.261946
3.262946
3.2639458
3.2649457
3.2659457
3.2669456
3.2679455
3.2689455
3.2699454
3.2709453
3.2719452
3.2729452
3.273945
3.274945
3.275945
3.2769449
3.2779448
3.2789447
3.2799447
3.2809446
3.2819445
3.2829444
3.2839444
3.2849443
3.2859442
3.2869442
3.287944
3.288944
3.289944
3.2909439
3.2919438
3.2929437
3.2939436
3.2949436
3.2959435
3.2969434
3.2979434
3.2989433
3.2999432
3.3009431
3.301943
3.302943
3.303943
3.3049428
3.3059428
3.3069427
3.3079426
3.3089426
3.3099425
3.3109424
3.3119423
3.3129423
3.3139422
3.3149421
3.315942
3.316942
3.317942
3.3189418
3.3199418
3.3209417
3.3219416
3.3229415
3.3239415
3.3249414
3.3259413
3.3269413
3.3279412
3.328941
3.329941
3.330941
3.331941
3.3329408
3.3339407
3.3349407
3.3359406
3.3369405
3.3379405
3.3389404
3.3399403
3.3409402
3.3419402
3.34294
3.34394
3.34494
3.3459399
3.3469398
3.3479397
3.3489397
3.3499396
3.3509395
3.3519394
3.3529394
3.3539393
3.3549392
3.3559391
3.356939
3.357939
3.358939
3.3599389
3.3609388
3.3619387
3.3629386
3.3639386
3.3649385
3.3659384
3.3669384
3.3679383
3.3689382
3.3699381
3.370938
3.371938
3.372938
3.3739378
3.3749378
3.3759377
3.3769376
3.3779376
3.3789375
3.3799374
3.3809373
3.3819373
3.3829372
3.3839371
3.384937
3.385937
3.386937
3.3879368
3.3889368
3.3899367
3.3909366
3.3919365
3.3929365
3.3939364
3.3949363
3.3959363
3.3969362
3.397936
3.398936
3.399936
3.400936
3.4019358
3.4029357
3.4039357
3.4049356
3.4059355
3.4069355
3.4079354
3.4089353
3.4099352
3.4109352
3.411935
3.412935
3.413935
3.4149349
3.4159348
3.4169347
3.4179347
3.4189346
3.4199345
3.4209344
3.4219344
3.4229343
3.4239342
3.4249341
3.425934
3.426934
3.427934
3.4289339
3.4299338
3.4309337
3.4319336
3.4329336
3.4339335
3.4349334
3.4359334
3.4369333
3.4379332
3.4389331
3.439933
3.440933
3.441933
3.4429328
3.4439328
3.4449327
3.4459326
3.4469326
3.4479325
3.4489324
3.4499323
3.4509323
3.4519322
3.4529321
3.453932
3.454932
3.455932
3.4569318
3.4579318
3.4589317
3.4599316
3.4609315
3.4619315
3.4629314
3.4639313
3.4649312
3.4659312
3.466931
3.467931
3.468931
3.469931
3.4709308
3.4719307
3.4729307
3.4739306
3.4749305
3.4759305
3.4769304
3.4779303
3.4789302
3.4799302
3.48093
3.48193
3.48293
3.4839299
3.4849298
3.4859297
3.4869297
3.4879296
3.4889295
3.4899294
3.4909294
3.4919293
3.4929292
3.4939291
3.494929
3.495929
3.496929
3.4979289
3.4989288
3.4999287
3.5009286
3.5019286
3.5029285
3.5039284
3.5049284
3.5059283
3.5069282
3.5079281
3.508928
3.509928
3.510928
3.5119278
3.5129278
3.5139277
3.5149276
3.5159276
3.5169275
3.5179274
3.5189273
3.5199273
3.5209272
3.521927
3.522927
3.523927
3.524927
3.5259268
3.5269268
3.5279267
3.5289266
3.5299265
3.5309265
3.5319264
3.5329263
3.5339262
3.5349262
3.535926
3.536926
3.537926
3.538926
3.5399258
3.5409257
3.5419257
3.5429256
3.5439255
3.5449255
3.5459254
3.5469253
3.5479252
3.5489252
3.549925
3.550925
3.551925
3.5529249
3.5539248
3.5549247
3.5559247
3.5569246
3.5579245
3.5589244
3.5599244
3.5609243
3.5619242
3.5629241
3.563924
3.564924
3.565924
3.5669239
3.5679238
3.5689237
3.5699236
3.5709236
3.5719235
3.5729234
3.5739233
3.5749233
3.5759232
3.5769231
3.577923
3.578923
3.579923
3.5809228
3.5819228
3.5829227
3.5839226
3.5849226
3.5859225
3.5869224
3.5879223
3.5889223
3.5899222
3.590922
3.591922
3.592922
3.593922
3.5949218
3.5959218
3.5969217
3.5979216
3.5989215
3.5999215
3.6009214
3.6019213
3.6029212
3.6039212
3.604921
3.605921
3.606921
3.607921
3.6089208
3.6099207
3.6109207
3.6119206
3.6129205
3.6139205
3.6149204
3.6159203
3.6169202
3.6179202
3.61892
3.61992
3.62092
3.6219199
3.6229198
3.6239197
3.6249197
3.6259196
3.6269195
3.6279194
3.6289194
3.6299193
3.6309192
3.6319191
3.632919
3.633919
3.634919
3.6359189
3.6369188
3.6379187
3.6389186
3.6399186
3.6409185
3.6419184
3.6429183
3.6439183
3.6449182
3.6459181
3.646918
3.647918
3.648918
3.6499178
3.6509178
3.6519177
3.6529176
3.6539176
3.6549175
3.6559174
3.6569173
3.6579173
3.6589172
3.659917
3.660917
3.661917
3.662917
3.6639168
3.6649168
3.6659167
3.6669166
3.6679165
3.6689165
3.6699164
3.6709163
3.6719162
3.6729162
3.673916
3.674916
3.675916
3.676916
3.6779158
3.6789157
3.6799157
3.6809156
3.6819155
3.6829154
3.6839154
3.6849153
3.6859152
3.6869152
3.687915
3.688915
3.689915
3.6909149
3.6919148
3.6929147
3.6939147
3.6949146
3.6959145
3.6969144
3.6979144
3.6989143
3.6999142
3.7009141
3.701914
3.702914
3.703914
3.7049139
3.7059138
3.7069137
3.7079136
3.7089136
3.7099135
3.7109134
3.7119133
3.7129133
3.7139132
3.7149131
3.715913
3.716913
3.717913
3.7189128
3.7199128
3.7209127
3.7219126
3.7229125
3.7239125
3.7249124
3.7259123
3.7269123
3.7279122
3.728912
3.729912
3.730912
3.731912
3.7329118
3.7339118
3.7349117
3.7359116
3.7369115
3.7379115
3.7389114
3.7399113
3.7409112
3.7419112
3.742911
3.743911
3.744911
3.745911
3.7469108
3.7479107
3.7489107
3.7499106
3.7509105
3.7519104
3.7529104
3.7539103
3.7549102
3.7559102
3.75691
3.75791
3.75891
3.7599099
3.7609098
3.7619097
3.7629097
3.7639096
3.7649095
3.7659094
3.7669094
3.7679093
3.7689092
3.7699091
3.770909
3.771909
3.772909
3.7739089
3.7749088
3.7759087
3.7769086
3.7779086
3.7789085
3.7799084
3.7809083
3.7819083
3.7829082
3.7839081
3.784908
3.785908
3.786908
3.7879078
3.7889078
3.7899077
3.7909076
3.7919075
3.7929075
3.7939074
3.7949073
3.7959073
3.7969072
3.797907
3.798907
3.799907
3.800907
3.8019068
3.8029068
3.8039067
3.8049066
3.8059065
3.8069065
3.8079064
3.8089063
3.8099062
3.8109062
3.811906
3.812906
3.813906
3.814906
3.8159058
3.8169057
3.8179057
3.8189056
3.8199055
3.8209054
3.8219054
3.8229053
3.8239052
3.8249052
3.825905
3.826905
3.827905
3.8289049
3.8299048
3.8309047
3.8319046
3.8329046
3.8339045
3.8349044
3.8359044
3.8369043
3.8379042
3.8389041
3.839904
3.840904
3.841904
3.8429039
3.8439038
3.8449037
3.8459036
3.8469036
3.8479035
3.8489034
3.8499033
3.8509033
3.8519032
3.8529031
3.853903
3.854903
3.855903
3.8569028
3.8579028
3.8589027
3.8599026
3.8609025
3.8619025
3.8629024
3.8639023
3.8649023
3.8659022
3.866902
3.867902
3.868902
3.869902
3.8709018
3.8719018
3.8729017
3.8739016
3.8749015
3.8759015
3.8769014
3.8779013
3.8789012
3.8799012
3.880901
3.881901
3.882901
3.883901
3.8849008
3.8859007
3.8869007
3.8879006
3.8889005
3.8899004
3.8909004
3.8919003
3.8929002
3.8939002
3.8949
3.8959
3.8969
3.8978999
3.8988998
3.8998997
3.9008996
3.9018996
3.9028995
3.9038994
3.9048994
3.9058993
3.9068992
3.9078991
3.908899
3.909899
3.910899
3.9118989
3.9128988
3.9138987
3.9148986
3.9158986
3.9168985
3.9178984
3.9188983
3.9198983
3.9208982
3.9218981
3.922898
3.923898
3.924898
3.9258978
3.9268978
3.9278977
3.9288976
3.9298975
3.9308975
3.9318974
3.9328973
3.9338973
3.9348972
3.935897
3.936897
3.937897
3.938897
3.9398968
3.9408967
3.9418967
3.9428966
3.9438965
3.9448965
3.9458964
3.9468963
3.9478962
3.9488962
3.949896
3.950896
3.951896
3.9528959
3.9538958
3.9548957
3.9558957
3.9568956
3.9578955
3.9588954
3.9598954
3.9608953
3.9618952
3.9628952
3.963895
3.964895
3.965895
3.9668949
3.9678948
3.9688947
3.9698946
3.9708946
3.9718945
3.9728944
3.9738944
3.9748943
3.9758942
3.9768941
3.977894
3.978894
3.979894
3.9808939
3.9818938
3.9828937
3.9838936
3.9848936
3.9858935
3.9868934
3.9878933
3.9888933
3.9898932
3.9908931
3.991893
3.992893
3.993893
3.9948928
3.9958928
3.9968927
3.9978926
3.9988925
3.9998925
4.0008926
4.0018926
4.0028925
4.0038924
4.0048923
4.0058923
4.006892
4.007892
4.008892
4.009892
4.010892
4.011892
4.012892
4.0138917
4.0148916
4.0158916
4.0168915
4.0178914
4.0188913
4.0198913
4.020891
4.021891
4.022891
4.023891
4.024891
4.025891
4.0268908
4.0278907
4.0288906
4.0298905
4.0308905
4.0318904
4.0328903
4.0338902
4.03489
4.03589
4.03689
4.03789
4.03889
4.03989
4.0408897
4.0418897
4.0428896
4.0438895
4.0448895
4.0458894
4.0468893
4.047889
4.048889
4.049889
4.050889
4.051889
4.052889
4.053889
4.0548887
4.0558887
4.0568886
4.0578885
4.0588884
4.0598884
4.0608883
4.061888
4.062888
4.063888
4.064888
4.065888
4.066888
4.067888
4.0688877
4.0698876
4.0708876
4.0718875
4.0728874
4.0738873
4.0748873
4.075887
4.076887
4.077887
4.078887
4.079887
4.080887
4.081887
4.0828867
4.0838866
4.0848866
4.0858865
4.0868864
4.0878863
4.0888863
4.089886
4.090886
4.091886
4.092886
4.093886
4.094886
4.0958858
4.0968857
4.0978856
4.0988855
4.0998855
4.1008854
4.1018853
4.1028852
4.103885
4.104885
4.105885
4.106885
4.107885
4.108885
4.1098847
4.1108847
4.1118846
4.1128845
4.1138844
4.1148844
4.1158843
4.116884
4.117884
4.118884
4.119884
4.120884
4.121884
4.122884
4.1238837
4.1248837
4.1258836
4.1268835
4.1278834
4.1288834
4.1298833
4.130883
4.131883
4.132883
4.133883
4.134883
4.135883
4.136883
4.1378827
4.1388826
4.1398826
4.1408825
4.1418824
4.1428823
4.1438823
4.144882
4.145882
4.146882
4.147882
4.148882
4.149882
4.150882
4.1518817
4.1528816
4.1538815
4.1548815
4.1558814
4.1568813
4.1578813
4.158881
4.159881
4.160881
4.161881
4.162881
4.163881
4.1648808
4.1658807
4.1668806
4.1678805
4.1688805
4.1698804
4.1708803
4.1718802
4.17288
4.17388
4.17488
4.17588
4.17688
4.17788
4.1788797
4.1798797
4.1808796
4.1818795
4.1828794
4.1838794
4.1848793
4.185879
4.186879
4.187879
4.188879
4.189879
4.190879
4.191879
4.1928787
4.1938787
4.1948786
4.1958785
4.1968784
4.1978784
4.1988783
4.199878
4.200878
4.201878
4.202878
4.203878
4.204878
4.205878
4.2068777
4.2078776
4.2088776
4.2098775
4.2108774
4.2118773
4.2128773
4.213877
4.214877
4.215877
4.216877
4.217877
4.218877
4.219877
4.2208767
4.2218766
4.2228765
4.2238765
4.2248764
4.2258763
4.2268763
4.227876
4.228876
4.229876
4.230876
4.231876
4.232876
4.2338758
4.2348757
4.2358756
4.2368755
4.2378755
4.2388754
4.2398753
4.2408752
4.241875
4.242875
4.243875
4.244875
4.245875
4.246875
4.2478747
4.2488747
4.2498746
4.2508745
4.2518744
4.2528744
4.2538743
4.254874
4.255874
4.256874
4.257874
4.258874
4.259874
4.260874
4.2618737
4.2628736
4.2638736
4.2648735
4.2658734
4.2668734
4.2678733
4.268873
4.269873
4.270873
4.271873
4.272873
4.273873
4.274873
4.2758727
4.2768726
4.2778726
4.2788725
4.2798724
4.2808723
4.2818723
4.282872
4.283872
4.284872
4.285872
4.286872
4.287872
4.288872
4.2898717
4.2908716
4.2918715
4.2928715
4.2938714
4.2948713
4.2958713
4.296871
4.297871
4.298871
4.299871
4.300871
4.301871
4.3028708
4.3038707
4.3048706
4.3058705
4.3068705
4.3078704
4.3088703
4.3098702
4.31087
4.31187
4.31287
4.31387
4.31487
4.31587
4.3168697
4.3178697
4.3188696
4.3198695
4.3208694
4.3218694
4.3228693
4.323869
4.324869
4.325869
4.326869
4.327869
4.328869
4.329869
4.3308687
4.3318686
4.3328686
4.3338685
4.3348684
4.3358684
4.3368683
4.337868
4.338868
4.339868
4.340868
4.341868
4.342868
4.343868
4.3448677
4.3458676
4.3468676
4.3478675
4.3488674
4.3498673
4.3508673
4.351867
4.352867
4.353867
4.354867
4.355867
4.356867
4.357867
4.3588667
4.3598666
4.3608665
4.3618665
4.3628664
4.3638663
4.3648663
4.365866
4.366866
4.367866
4.368866
4.369866
4.370866
4.3718657
4.3728657
4.3738656
4.3748655
4.3758655
4.3768654
4.3778653
4.3788652
4.379865
4.380865
4.381865
4.382865
4.383865
4.384865
4.3858647
4.3868647
4.3878646
4.3888645
4.3898644
4.3908644
4.3918643
4.392864
4.393864
4.394864
4.395864
4.396864
4.397864
4.398864
4.3998637
4.4008636
4.4018636
4.4028635
4.4038634
4.4048634
4.4058633
4.406863
4.407863
4.408863
4.409863
4.410863
4.411863
4.412863
4.4138627
4.4148626
4.4158626
4.4168625
4.4178624
4.4188623
4.4198623
4.420862
4.421862
4.422862
4.423862
4.424862
4.425862
4.426862
4.4278617
4.4288616
4.4298615
4.4308615
4.4318614
4.4328613
4.4338613
4.434861
4.435861
4.436861
4.437861
4.438861
4.439861
4.4408607
4.4418607
4.4428606
4.4438605
4.4448605
4.4458604
4.4468603
4.4478602
4.44886
4.44986
4.45086
4.45186
4.45286
4.45386
4.4548597
4.4558597
4.4568596
4.4578595
4.4588594
4.4598594
4.4608593
4.461859
4.462859
4.463859
4.464859
4.465859
4.466859
4.467859
4.4688587
4.4698586
4.4708586
4.4718585
4.4728584
4.4738584
4.4748583
4.475858
4.476858
4.477858
4.478858
4.479858
4.480858
4.481858
4.4828577
4.4838576
4.4848576
4.4858575
4.4868574
4.4878573
4.4888573
4.489857
4.490857
4.491857
4.492857
4.493857
4.494857
4.495857
4.4968567
4.4978566
4.4988565
4.4998565
4.5008564
4.5018563
4.5028563
4.503856
4.504856
4.505856
4.506856
4.507856
4.508856
4.5098557
4.5108557
4.5118556
4.5128555
4.5138555
4.5148554
4.5158553
4.5168552
4.517855
4.518855
4.519855
4.520855
4.521855
4.522855
4.5238547
4.5248547
4.5258546
4.5268545
4.5278544
4.5288544
4.5298543
4.530854
4.531854
4.532854
4.533854
4.534854
4.535854
4.536854
4.5378537
4.5388536
4.5398536
4.5408535
4.5418534
4.5428534
4.5438533
4.544853
4.545853
4.546853
4.547853
4.548853
4.549853
4.550853
4.5518527
4.5528526
4.5538526
4.5548525
4.5558524
4.5568523
4.5578523
4.558852
4.559852
4.560852
4.561852
4.562852
4.563852
4.5648518
4.5658517
4.5668516
4.5678515
4.5688515
4.5698514
4.5708513
4.5718513
4.572851
4.573851
4.574851
4.575851
4.576851
4.577851
4.5788507
4.5798507
4.5808506
4.5818505
4.5828505
4.5838504
4.5848503
4.5858502
4.58685
4.58785
4.58885
4.58985
4.59085
4.59185
4.5928497
4.5938497
4.5948496
4.5958495
4.5968494
4.5978494
4.5988493
4.599849
4.600849
4.601849
4.602849
4.603849
4.604849
4.605849
4.6068487
4.6078486
4.6088486
4.6098485
4.6108484
4.6118484
4.6128483
4.613848
4.614848
4.615848
4.616848
4.617848
4.618848
4.619848
4.6208477
4.6218476
4.6228476
4.6238475
4.6248474
4.6258473
4.6268473
4.627847
4.628847
4.629847
4.630847
4.631847
4.632847
4.6338468
4.6348467
4.6358466
4.6368465
4.6378465
4.6388464
4.6398463
4.6408463
4.641846
4.642846
4.643846
4.644846
4.645846
4.646846
4.6478457
4.6488457
4.6498456
4.6508455
4.6518455
4.6528454
4.6538453
4.654845
4.655845
4.656845
4.657845
4.658845
4.659845
4.660845
4.6618447
4.6628447
4.6638446
4.6648445
4.6658444
4.6668444
4.6678443
4.668844
4.669844
4.670844
4.671844
4.672844
4.673844
4.674844
4.6758437
4.6768436
4.6778436
4.6788435
4.6798434
4.6808434
4.6818433
4.682843
4.683843
4.684843
4.685843
4.686843
4.687843
4.688843
4.6898427
4.6908426
4.6918426
4.6928425
4.6938424
4.6948423
4.6958423
4.696842
4.697842
4.698842
4.699842
4.700842
4.701842
4.7028418
4.7038417
4.7048416
4.7058415
4.7068415
4.7078414
4.7088413
4.7098413
4.710841
4.711841
4.712841
4.713841
4.714841
4.715841
4.7168407
4.7178407
4.7188406
4.7198405
4.7208405
4.7218404
4.7228403
4.72384
4.72484
4.72584
4.72684
4.72784
4.72884
4.72984
4.7308397
4.7318397
4.7328396
4.7338395
4.7348394
4.7358394
4.7368393
4.737839
4.738839
4.739839
4.740839
4.741839
4.742839
4.743839
4.7448387
4.7458386
4.7468386
4.7478385
4.7488384
4.7498384
4.7508383
4.751838
4.752838
4.753838
4.754838
4.755838
4.756838
4.757838
4.7588377
4.7598376
4.7608376
4.7618375
4.7628374
4.7638373
4.7648373
4.765837
4.766837
4.767837
4.768837
4.769837
4.770837
4.7718368
4.7728367
4.7738366
4.7748365
4.7758365
4.7768364
4.7778363
4.7788363
4.779836
4.780836
4.781836
4.782836
4.783836
4.784836
4.7858357
4.7868357
4.7878356
4.7888355
4.7898355
4.7908354
4.7918353
4.792835
4.793835
4.794835
4.795835
4.796835
4.797835
4.798835
4.7998347
4.8008347
4.8018346
4.8028345
4.8038344
4.8048344
4.8058343
4.806834
4.807834
4.808834
4.809834
4.810834
4.811834
4.812834
4.8138337
4.8148336
4.8158336
4.8168335
4.8178334
4.8188334
4.8198333
4.820833
4.821833
4.822833
4.823833
4.824833
4.825833
4.826833
4.8278327
4.8288326
4.8298326
4.8308325
4.8318324
4.8328323
4.8338323
4.834832
4.835832
4.836832
4.837832
4.838832
4.839832
4.8408318
4.8418317
4.8428316
4.8438315
4.8448315
4.8458314
4.8468313
4.8478312
4.848831
4.849831
4.850831
4.851831
4.852831
4.853831
4.8548307
4.8558307
4.8568306
4.8578305
4.8588305
4.8598304
4.8608303
4.86183
4.86283
4.86383
4.86483
4.86583
4.86683
4.86783
4.8688297
4.8698297
4.8708296
4.8718295
4.8728294
4.8738294
4.8748293
4.875829
4.876829
4.877829
4.878829
4.879829
4.880829
4.881829
4.8828287
4.8838286
4.8848286
4.8858285
4.8868284
4.8878284
4.8888283
4.889828
4.890828
4.891828
4.892828
4.893828
4.894828
4.895828
4.8968277
4.8978276
4.8988276
4.8998275
4.9008274
4.9018273
4.9028273
4.903827
4.904827
4.905827
4.906827
4.907827
4.908827
4.9098268
4.9108267
4.9118266
4.9128265
4.9138265
4.9148264
4.9158263
4.9168262
4.917826
4.918826
4.919826
4.920826
4.921826
4.922826
4.9238257
4.9248257
4.9258256
4.9268255
4.9278255
4.9288254
4.9298253
4.930825
4.931825
4.932825
4.933825
4.934825
4.935825
4.936825
4.9378247
4.9388247
4.9398246
4.9408245
4.9418244
4.9428244
4.9438243
4.944824
4.945824
4.946824
4.947824
4.948824
4.949824
4.950824
4.9518237
4.9528236
4.9538236
4.9548235
4.9558234
4.9568233
4.9578233
4.958823
4.959823
4.960823
4.961823
4.962823
4.963823
4.964823
4.9658227
4.9668226
4.9678226
4.9688225
4.9698224
4.9708223
4.9718223
4.972822
4.973822
4.974822
4.975822
4.976822
4.977822
4.9788218
4.9798217
4.9808216
4.9818215
4.9828215
4.9838214
4.9848213
4.9858212
4.986821
4.987821
4.988821
4.989821
4.990821
4.991821
4.9928207
4.9938207
4.9948206
4.9958205
4.9968204
4.9978204
4.9988203
4.99982
5.00082
5.00182
5.00282
5.00382
5.00482
5.00582
5.0068197
5.0078197
5.0088196
5.0098195
5.0108194
5.0118194
5.0128193
5.013819
5.014819
5.015819
5.016819
5.017819
5.018819
5.019819
5.0208187
5.0218186
5.0228186
5.0238185
5.0248184
5.0258183
5.0268183
5.027818
5.028818
5.029818
5.030818
5.031818
5.032818
5.033818
5.0348177
5.0358176
5.0368176
5.0378175
5.0388174
5.0398173
5.0408173
5.041817
5.042817
5.043817
5.044817
5.045817
5.046817
5.0478168
5.0488167
5.0498166
5.0508165
5.0518165
5.0528164
5.0538163
5.0548162
5.055816
5.056816
5.057816
5.058816
5.059816
5.060816
5.0618157
5.0628157
5.0638156
5.0648155
5.0658154
5.0668154
5.0678153
5.068815
5.069815
5.070815
5.071815
5.072815
5.073815
5.074815
5.0758147
5.0768147
5.0778146
5.0788145
5.0798144
5.0808144
5.0818143
5.082814
5.083814
5.084814
5.085814
5.086814
5.087814
5.088814
5.0898137
5.0908136
5.0918136
5.0928135
5.0938134
5.0948133
5.0958133
5.096813
5.097813
5.098813
5.099813
5.100813
5.101813
5.102813
5.1038127
5.1048126
5.1058125
5.1068125
5.1078124
5.1088123
5.1098123
5.110812
5.111812
5.112812
5.113812
5.114812
5.115812
5.1168118
5.1178117
5.1188116
5.1198115
5.1208115
5.1218114
5.1228113
5.1238112
5.124811
5.125811
5.126811
5.127811
5.128811
5.129811
5.1308107
5.1318107
5.1328106
5.1338105
5.1348104
5.1358104
5.1368103
5.13781
5.13881
5.13981
5.14081
5.14181
5.14281
5.14381
5.1448097
5.1458097
5.1468096
5.1478095
5.1488094
5.1498094
5.1508093
5.151809
5.152809
5.153809
5.154809
5.155809
5.156809
5.157809
5.1588087
5.1598086
5.1608086
5.1618085
5.1628084
5.1638083
5.1648083
5.165808
5.166808
5.167808
5.168808
5.169808
5.170808
5.171808
5.1728077
5.1738076
5.1748075
5.1758075
5.1768074
5.1778073
5.1788073
5.179807
5.180807
5.181807
5.182807
5.183807
5.184807
5.1858068
5.1868067
5.1878066
5.1888065
5.1898065
5.1908064
5.1918063
5.1928062
5.193806
5.194806
5.195806
5.196806
5.197806
5.198806
5.1998057
5.2008057
5.2018056
5.2028055
5.2038054
5.2048054
5.2058053
5.206805
5.207805
5.208805
5.209805
5.210805
5.211805
5.212805
5.2138047
5.2148046
5.2158046
5.2168045
5.2178044
5.2188044
5.2198043
5.220804
5.221804
5.222804
5.223804
5.224804
5.225804
5.226804
5.2278037
5.2288036
5.2298036
5.2308035
5.2318034
5.2328033
5.2338033
5.234803
5.235803
5.236803
5.237803
5.238803
5.239803
5.240803
5.2418027
5.2428026
5.2438025
5.2448025
5.2458024
5.2468023
5.2478023
5.248802
5.249802
5.250802
5.251802
5.252802
5.253802
5.2548018
5.2558017
5.2568016
5.2578015
5.2588015
5.2598014
5.2608013
5.2618012
5.262801
5.263801
5.264801
5.265801
5.266801
5.267801
5.2688007
5.2698007
5.2708006
5.2718005
5.2728004
5.2738004
5.2748003
5.2758
5.2768
5.2778
5.2788
5.2798
5.2808
5.2818
5.2827997
5.2837996
5.2847996
5.2857995
5.2867994
5.2877994
5.2887993
5.289799
5.290799
5.291799
5.292799
5.293799
5.294799
5.295799
5.2967987
5.2977986
5.2987986
5.2997985
5.3007984
5.3017983
5.3027983
5.303798
5.304798
5.305798
5.306798
5.307798
5.308798
5.309798
5.3107977
5.3117976
5.3127975
5.3137975
5.3147974
5.3157973
5.3167973
5.317797
5.318797
5.319797
5.320797
5.321797
5.322797
5.3237967
5.3247967
5.3257966
5.3267965
5.3277965
5.3287964
5.3297963
5.3307962
5.331796
5.332796
5.333796
5.334796
5.335796
5.336796
5.3377957
5.3387957
5.3397956
5.3407955
5.3417954
5.3427954
5.3437953
5.344795
5.345795
5.346795
5.347795
5.348795
5.349795
5.350795
5.3517947
5.3527946
5.3537946
5.3547945
5.3557944
5.3567944
5.3577943
5.358794
5.359794
5.360794
5.361794
5.362794
5.363794
5.364794
5.3657937
5.3667936
5.3677936
5.3687935
5.3697934
5.3707933
5.3717933
5.372793
5.373793
5.374793
5.375793
5.376793
5.377793
5.378793
5.3797927
5.3807926
5.3817925
5.3827925
5.3837924
5.3847923
5.3857923
5.386792
5.387792
5.388792
5.389792
5.390792
5.391792
5.3927917
5.3937917
5.3947916
5.3957915
5.3967915
5.3977914
5.3987913
5.3997912
5.400791
5.401791
5.402791
5.403791
5.404791
5.405791
5.4067907
5.4077907
5.4087906
5.4097905
5.4107904
5.4117904
5.4127903
5.41379
5.41479
5.41579
5.41679
5.41779
5.41879
5.41979
5.4207897
5.4217896
5.4227896
5.4237895
5.4247894
5.4257894
5.4267893
5.427789
5.428789
5.429789
5.430789
5.431789
5.432789
5.433789
5.4347887
5.4357886
5.4367886
5.4377885
5.4387884
5.4397883
5.4407883
5.441788
5.442788
5.443788
5.444788
5.445788
5.446788
5.447788
5.4487877
5.4497876
5.4507875
5.4517875
5.4527874
5.4537873
5.4547873
5.455787
5.456787
5.457787
5.458787
5.459787
5.460787
5.4617867
5.4627867
5.4637866
5.4647865
5.4657865
5.4667864
5.4677863
5.4687862
5.469786
5.470786
5.471786
5.472786
5.473786
5.474786
5.4757857
5.4767857
5.4777856
5.4787855
5.4797854
5.4807854
5.4817853
5.482785
5.483785
5.484785
5.485785
5.486785
5.487785
5.488785
5.4897847
5.4907846
5.4917846
5.4927845
5.4937844
5.4947844
5.4957843
5.496784
5.497784
5.498784
5.499784
5.500784
5.501784
5.502784
5.5037837
5.5047836
5.5057836
5.5067835
5.5077834
5.5087833
5.5097833
5.510783
5.511783
5.512783
5.513783
5.514783
5.515783
5.5167828
5.5177827
5.5187826
5.5197825
5.5207825
5.5217824
5.5227823
5.5237823
5.524782
5.525782
5.526782
5.527782
5.528782
5.529782
5.5307817
5.5317817
5.5327816
5.5337815
5.5347815
5.5357814
5.5367813
5.5377812
5.538781
5.539781
5.540781
5.541781
5.542781
5.543781
5.5447807
5.5457807
5.5467806
5.5477805
5.5487804
5.5497804
5.5507803
5.55178
5.55278
5.55378
5.55478
5.55578
5.55678
5.55778
5.5587797
5.5597796
5.5607796
5.5617795
5.5627794
5.5637794
5.5647793
5.565779
5.566779
5.567779
5.568779
5.569779
5.570779
5.571779
5.5727787
5.5737786
5.5747786
5.5757785
5.5767784
5.5777783
5.5787783
5.579778
5.580778
5.581778
5.582778
5.583778
5.584778
5.5857778
5.5867777
5.5877776
5.5887775
5.5897775
5.5907774
5.5917773
5.5927773
5.593777
5.594777
5.595777
5.596777
5.597777
5.598777
5.5997767
5.6007767
5.6017766
5.6027765
5.6037765
5.6047764
5.6057763
5.606776
5.607776
5.608776
5.609776
5.610776
5.611776
5.612776
5.6137757
5.6147757
5.6157756
5.6167755
5.6177754
5.6187754
5.6197753
5.620775
5.621775
5.622775
5.623775
5.624775
5.625775
5.626775
5.6277747
5.6287746
5.6297746
5.6307745
5.6317744
5.6327744
5.6337743
5.634774
5.635774
5.636774
5.637774
5.638774
5.639774
5.640774
5.6417737
5.6427736
5.6437736
5.6447735
5.6457734
5.6467733
5.6477733
5.648773
5.649773
5.650773
5.651773
5.652773
5.653773
5.6547728
5.6557727
5.6567726
5.6577725
5.6587725
5.6597724
5.6607723
5.6617723
5.662772
5.663772
5.664772
5.665772
5.666772
5.667772
5.6687717
5.6697717
5.6707716
5.6717715
5.6727715
5.6737714
5.6747713
5.675771
5.676771
5.677771
5.678771
5.679771
5.680771
5.681771
5.6827707
5.6837707
5.6847706
5.6857705
5.6867704
5.6877704
5.6887703
5.68977
5.69077
5.69177
5.69277
5.69377
5.69477
5.69577
5.6967697
5.6977696
5.6987696
5.6997695
5.7007694
5.7017694
5.7027693
5.703769
5.704769
5.705769
5.706769
5.707769
5.708769
5.709769
5.7107687
5.7117686
5.7127686
5.7137685
5.7147684
5.7157683
5.7167683
5.717768
5.718768
5.719768
5.720768
5.721768
5.722768
5.7237678
5.7247677
5.7257676
5.7267675
5.7277675
5.7287674
5.7297673
5.7307673
5.731767
5.732767
5.733767
5.734767
5.735767
5.736767
5.7377667
5.7387667
5.7397666
5.7407665
5.7417665
5.7427664
5.7437663
5.744766
5.745766
5.746766
5.747766
5.748766
5.749766
5.750766
5.7517657
5.7527657
5.7537656
5.7547655
5.7557654
5.7567654
5.7577653
5.758765
5.759765
5.760765
5.761765
5.762765
5.763765
5.764765
5.7657647
5.7667646
5.7677646
5.7687645
5.7697644
5.7707644
5.7717643
5.772764
5.773764
5.774764
5.775764
5.776764
5.777764
5.778764
5.7797637
5.7807636
5.7817636
5.7827635
5.7837634
5.7847633
5.7857633
5.786763
5.787763
5.788763
5.789763
5.790763
5.791763
5.7927628
5.7937627
5.7947626
5.7957625
5.7967625
5.7977624
5.7987623
5.7997622
5.800762
5.801762
5.802762
5.803762
5.804762
5.805762
5.8067617
5.8077617
5.8087616
5.8097615
5.8107615
5.8117614
5.8127613
5.813761
5.814761
5.815761
5.816761
5.817761
5.818761
5.819761
5.8207607
5.8217607
5.8227606
5.8237605
5.8247604
5.8257604
5.8267603
5.82776
5.82876
5.82976
5.83076
5.83176
5.83276
5.83376
5.8347597
5.8357596
5.8367596
5.8377595
5.8387594
5.8397593
5.8407593
5.841759
5.842759
5.843759
5.844759
5.845759
5.846759
5.847759
5.8487587
5.8497586
5.8507586
5.8517585
5.8527584
5.8537583
5.8547583
5.855758
5.856758
5.857758
5.858758
5.859758
5.860758
5.8617578
5.8627577
5.8637576
5.8647575
5.8657575
5.8667574
5.8677573
5.8687572
5.869757
5.870757
5.871757
5.872757
5.873757
5.874757
5.8757567
5.8767567
5.8777566
5.8787565
5.8797565
5.8807564
5.8817563
5.882756
5.883756
5.884756
5.885756
5.886756
5.887756
5.888756
5.8897557
5.8907557
5.8917556
5.8927555
5.8937554
5.8947554
5.8957553
5.896755
5.897755
5.898755
5.899755
5.900755
5.901755
5.902755
5.9037547
5.9047546
5.9057546
5.9067545
5.9077544
5.9087543
5.9097543
5.910754
5.911754
5.912754
5.913754
5.914754
5.915754
5.916754
5.9177537
5.9187536
5.9197536
5.9207535
5.9217534
5.9227533
5.9237533
5.924753
5.925753
5.926753
5.927753
5.928753
5.929753
5.9307528
5.9317527
5.9327526
5.9337525
5.9347525
5.9357524
5.9367523
5.9377522
5.938752
5.939752
5.940752
5.941752
5.942752
5.943752
5.9447517
5.9457517
5.9467516
5.9477515
5.9487514
5.9497514
5.9507513
5.951751
5.952751
5.953751
5.954751
5.955751
5.956751
5.957751
5.9587507
5.9597507
5.9607506
5.9617505
5.9627504
5.9637504
5.9647503
5.96575
5.96675
5.96775
5.96875
5.96975
5.97075
5.97175
5.9727497
5.9737496
5.9747496
5.9757495
5.9767494
5.9777493
5.9787493
5.979749
5.980749
5.981749
5.982749
5.983749
5.984749
5.985749
5.9867487
5.9877486
5.9887486
5.9897485
5.9907484
5.9917483
5.9927483
5.993748
5.994748
5.995748
5.996748
5.997748
5.998748
5.9997478
6.0007477
6.0017476
6.0027475
6.0037475
6.0047474
6.0057473
6.0067472
6.007747
6.008747
6.009747
6.010747
6.011747
6.012747
6.0137467
6.0147467
6.0157466
6.0167465
6.0177464
6.0187464
6.0197463
6.020746
6.021746
6.022746
6.023746
6.024746
6.025746
6.026746
6.0277457
6.0287457
6.0297456
6.0307455
6.0317454
6.0327454
6.0337453
6.034745
6.035745
6.036745
6.037745
6.038745
6.039745
6.040745
6.0417447
6.0427446
6.0437446
6.0447445
6.0457444
6.0467443
6.0477443
6.048744
6.049744
6.050744
6.051744
6.052744
6.053744
6.054744
6.0557437
6.0567436
6.0577435
6.0587435
6.0597434
6.0607433
6.0617433
6.062743
6.063743
6.064743
6.065743
6.066743
6.067743
6.0687428
6.0697427
6.0707426
6.0717425
6.0727425
6.0737424
6.0747423
6.0757422
6.076742
6.077742
6.078742
6.079742
6.080742
6.081742
6.0827417
6.0837417
6.0847416
6.0857415
6.0867414
6.0877414
6.0887413
6.089741
6.090741
6.091741
6.092741
6.093741
6.094741
6.095741
6.0967407
6.0977407
6.0987406
6.0997405
6.1007404
6.1017404
6.1027403
6.10374
6.10474
6.10574
6.10674
6.10774
6.10874
6.10974
6.1107397
6.1117396
6.1127396
6.1137395
6.1147394
6.1157393
6.1167393
6.117739
6.118739
6.119739
6.120739
6.121739
6.122739
6.123739
6.1247387
6.1257386
6.1267385
6.1277385
6.1287384
6.1297383
6.1307383
6.131738
6.132738
6.133738
6.134738
6.135738
6.136738
6.1377378
6.1387377
6.1397376
6.1407375
6.1417375
6.1427374
6.1437373
6.1447372
6.145737
6.146737
6.147737
6.148737
6.149737
6.150737
6.1517367
6.1527367
6.1537366
6.1547365
6.1557364
6.1567364
6.1577363
6.158736
6.159736
6.160736
6.161736
6.162736
6.163736
6.164736
6.1657357
6.1667356
6.1677356
6.1687355
6.1697354
6.1707354
6.1717353
6.172735
6.173735
6.174735
6.175735
6.176735
6.177735
6.178735
6.1797347
6.1807346
6.1817346
6.1827345
6.1837344
6.1847343
6.1857343
6.186734
6.187734
6.188734
6.189734
6.190734
6.191734
6.192734
6.1937337
6.1947336
6.1957335
6.1967335
6.1977334
6.1987333
6.1997333
