0.9306931
1.8521713
2.7645261
3.6678476
4.5622253
5.4477477
6.324503
7.1925774
8.052057
8.903028
9.745572
10.579774
11.405717
12.223482
13.033152
13.834804
14.628518
15.414374
16.19245
16.962822
17.725567
18.480759
19.228474
19.968786
20.701769
21.427496
22.146034
22.85746
23.561842
24.259249
24.94975
25.583912
26.211794
26.83346
27.448969
28.058386
28.661768
29.259176
29.85067
30.436306
31.016144
31.59024
32.158653
32.72144
33.278652
33.83035
34.376583
34.917408
35.452877
35.983044
36.507965
37.027687
37.542267
38.051746
38.556183
39.055626
39.550125
40.039726
40.524483
41.004436
41.47964
41.950138
42.326866
42.699867
43.069176
43.434826
43.796856
44.155304
44.5102
44.861584
45.209488
45.553947
45.894997
46.23267
46.567
46.89802
47.225765
47.550262
47.871548
48.18965
48.50461
48.816444
49.125195
49.430885
49.733547
50.033215
50.329914
50.623676
50.91453
51.202507
51.48763
51.769928
52.04943
52.197453
52.34401
52.489117
52.63279
52.775036
52.915874
53.05532
53.19339
53.33009
53.465435
53.59944
53.73212
53.863483
53.993546
54.122322
54.249825
54.376064
54.501053
54.624805
54.74733
54.86864
54.988754
55.107677
55.22542
55.342
55.457424
55.571705
55.684856
55.79689
55.90781
56.017635
56.126373
56.20433
56.281517
56.35794
56.433605
56.50852
56.582695
56.656136
56.728848
56.80084
56.87212
56.94269
57.012566
57.081745
57.15024
57.218063
57.28521
57.351692
57.41752
57.482693
57.54722
57.611107
57.674366
57.736996
57.799007
57.860405
57.921192
57.981377
58.040966
58.099968
58.158382
58.21622
58.372498
58.52723
58.680428
58.832108
58.98229
59.13098
59.2782
59.423958
59.568275
59.711166
59.852642
59.992714
60.1314
60.268715
60.40467
60.53928
60.672558
60.804512
60.93516
61.064514
61.192585
61.31939
61.44494
61.569244
61.69232
61.814182
61.934837
62.054295
62.17257
62.289673
62.405617
62.520412
62.604366
62.68749
62.76979
62.851276
62.931953
63.011833
63.090923
63.16923
63.246765
63.323532
63.399536
63.47479
63.549297
63.623066
63.696106
63.76842
63.840023
63.910915
63.981102
64.0506
64.1194
64.18752
64.254974
64.321754
64.38787
64.45334
64.51816
64.58234
64.645874
64.708786
64.77107
64.83275
64.96312
65.0922
65.22
65.346535
65.47182
65.595856
65.718666
65.84026
65.960655
66.07986
66.197876
66.31473
66.43042
66.54497
66.65838
66.770676
66.88186
66.99194
67.10094
67.20885
67.31569
67.42147
67.52621
67.629906
67.73258
67.83424
67.93489
68.034546
68.13322
68.23091
68.515755
68.797775
69.17601
69.55051
69.921295
70.28841
70.651886
71.011765
71.36808
71.72087
72.07017
72.41601
72.75842
73.09745
73.43312
73.765465
74.09452
74.42032
74.74289
75.06227
75.37849
75.691574
76.00156
76.30847
76.61235
76.913216
77.211105
77.50604
77.798065
78.0872
78.37346
78.65689
78.937515
79.21536
79.490456
79.89154
80.28866
80.68184
81.07113
81.456566
81.83818
82.21603
82.590126
82.960526
83.327255
83.69035
84.04985
84.40579
84.75821
85.10714
85.452614
85.79467
86.13333
86.46864
86.80064
87.12934
87.454796
87.77702
88.09606
88.41194
88.72469
89.034355
89.34094
89.64449
89.945045
90.24262
90.537254
90.918076
91.29513
91.66844
92.038055
92.404015
92.76635
93.1251
93.48029
93.83197
94.18017
94.52492
94.86626
95.204216
95.53883
95.87014
96.19816
96.52293
96.84448
97.16286
97.47808
97.79018
98.09918
98.40513
98.708046
99.007965
99.30492
99.59892
99.89002
100.17824
100.46361
100.74614
101.02589
101.30286
101.57708
101.848595
102.11742
102.383575
102.6471
103.00703
103.363396
103.71623
104.065575
104.41146
104.75393
105.092995
105.42871
105.7611
106.0902
106.416046
106.738655
107.058075
107.37434
107.68746
107.99748
108.304436
108.60835
108.909256
109.207184
109.50217
109.79423
110.0834
110.369705
110.653175
110.93384
111.21172
111.48685
111.759254
111.97946
112.19749
112.41335
112.627075
112.838684
113.0482
113.255646
113.46104
113.66439
113.86574
114.065094
114.262474
114.45789
114.651375
114.84295
115.03262
115.22042
115.40636
115.590454
115.77272
115.95319
116.131874
116.308784
116.48395
116.65737
116.82908
116.99909
117.16742
117.33408
117.49909
117.66247
117.82423
117.98438
118.14295
118.29005
118.43569
118.579895
118.722664
118.86403
119.00399
119.14257
119.27977
119.41561
119.55012
119.68328
119.81513
119.94568
120.074936
120.2029
120.329605
120.455055
120.57927
120.76165
120.94223
121.12102
121.298035
121.473305
121.646835
121.81865
121.98876
122.15719
122.32395
122.48907
122.652534
122.81439
122.97465
123.133316
123.29041
123.43605
123.58025
123.72302
123.86438
124.00433
124.14291
124.280106
124.41595
124.550446
124.68362
124.81546
124.946
125.07524
125.20321
125.32991
125.45536
125.57957
125.702545
125.8243
125.944855
126.06421
126.18239
126.2994
126.41525
126.52995
126.64352
126.75596
126.86729
126.97751
127.08665
127.1947
127.30169
127.407616
127.51249
127.616325
127.71914
127.82093
127.92171
128.0215
128.1203
128.21812
128.31497
128.41086
128.5058
128.59981
128.69287
128.78502
128.87625
128.96658
129.05602
129.14458
129.23225
129.31906
129.3258
129.33247
129.33908
129.34563
129.3521
129.35852
129.36487
129.37115
129.37738
129.38354
129.38965
129.39569
129.40167
129.4076
129.41347
129.41928
129.42503
129.43073
129.46606
129.50105
129.53569
129.56999
129.60396
129.63757
129.67087
129.70383
129.73647
129.76878
129.80077
129.83244
129.8638
129.89485
129.9256
129.95604
129.98618
130.016
130.04555
130.0748
130.10376
130.13243
130.16083
130.18893
130.21677
130.24432
130.2716
130.29861
130.32536
130.35184
130.37805
130.404
130.4297
130.45515
130.48035
130.5053
130.53
130.54456
130.55896
130.57323
130.58736
130.60133
130.61519
130.61899
130.62276
130.6265
130.63019
130.63385
130.63747
130.64107
130.64462
130.64813
130.65161
130.65506
130.65848
130.66187
130.6652
130.66852
130.6718
130.67505
130.67827
130.68146
130.68462
130.68774
130.69084
130.6939
130.69693
130.69994
130.7029
130.70584
130.70876
130.71164
130.7145
130.71732
130.7102
130.70317
130.69621
130.68932
130.6825
130.67574
130.66904
130.66241
130.65585
130.64935
130.64293
130.63657
130.63026
130.62402
130.61784
130.61172
130.60567
130.59967
130.59373
130.58784
130.58202
130.57625
130.57054
130.5649
130.5593
130.53395
130.50887
130.48402
130.45943
130.43507
130.41096
130.3871
130.36346
130.34007
130.3169
130.29396
130.27126
130.24878
130.30573
130.3621
130.41792
130.47319
130.52791
130.58209
130.63573
130.68883
130.74141
130.79347
130.84503
130.89607
130.94661
130.99664
131.04617
131.09521
131.14378
131.19186
131.23947
131.2866
131.33327
131.37947
131.42522
131.4705
131.51535
131.55975
131.60371
131.64723
131.69034
131.73302
131.77527
131.81711
131.85852
131.89952
131.94012
131.98032
132.02011
132.05951
132.09853
132.22626
132.31313
132.39914
132.4843
132.5686
132.65208
132.73473
132.81656
132.89758
132.9778
133.05724
133.13588
133.21375
133.29085
133.36717
133.44273
133.51756
133.59164
133.665
133.73761
133.80951
133.8807
133.95119
134.02098
134.09007
134.15848
134.22621
134.29327
134.35968
134.42543
134.49052
134.55498
134.61879
134.68198
134.74452
134.80646
134.86778
134.9285
134.98862
135.04813
135.10706
135.1456
135.18376
135.22154
135.25896
135.29599
135.33266
135.36897
135.40492
135.44052
135.47575
135.51065
135.5452
135.5794
135.61327
135.64679
135.68
135.71286
135.7454
135.77763
135.80954
135.84113
135.8724
135.90337
135.93404
135.96439
135.99445
136.0242
136.05367
136.08284
136.11172
136.14032
136.16864
136.19667
136.22443
136.2519
136.27911
136.30605
136.33272
136.35913
136.38528
136.41118
136.43681
136.46219
136.40811
136.35457
136.30156
136.24907
136.1971
136.14565
136.0947
136.04425
135.99431
135.94485
135.84639
135.7489
135.65239
135.55682
135.4622
135.36852
135.27576
135.18393
135.093
135.00298
134.91383
134.82558
134.73819
134.65167
134.56601
134.4812
134.39723
134.3141
134.23178
134.15027
134.06958
133.98969
133.91058
133.83226
133.75471
133.67793
133.60191
133.52664
133.45212
133.37834
133.30528
133.23296
133.16135
133.09044
133.02023
132.95073
132.88191
132.81378
132.74632
132.67952
132.61339
132.54791
132.48308
132.41888
132.34543
132.2727
132.2007
132.12941
132.05882
131.98892
131.91972
131.85121
131.78337
131.7162
131.6497
131.58386
131.51868
131.45413
131.39023
131.32695
131.26431
131.2023
131.1409
131.0801
131.0199
130.9603
130.90128
130.84285
130.785
130.72772
130.67102
130.61487
130.55927
130.50423
130.44974
130.39578
130.34236
130.28947
130.2371
130.18526
130.20322
130.22101
130.23862
130.25606
130.27332
130.29042
130.28755
130.2847
130.28188
130.27908
130.27632
130.27359
130.27089
130.2682
130.26555
130.26292
130.26031
130.25774
130.25519
130.25266
130.25015
130.24768
130.24522
130.2428
130.24039
130.238
130.23566
130.23332
130.231
130.22871
130.22644
130.2242
130.22198
130.21979
130.2176
130.21545
130.21332
130.21121
130.20912
130.20705
130.205
130.20297
130.20096
130.19897
130.197
130.19505
130.19312
130.1714
130.24892
130.32565
130.40164
130.47687
130.55135
130.62509
130.6981
130.7704
130.84198
130.91286
130.98303
131.0525
131.12129
131.18939
131.25682
131.32358
131.38968
131.45512
131.51993
131.58409
131.64761
131.71051
131.77278
131.83444
131.8955
131.95593
132.01578
132.07503
132.1337
132.19179
132.2493
132.30623
132.36261
132.41843
132.4737
132.52841
132.58258
132.63622
132.68932
132.7419
132.79396
132.8455
132.89655
132.94707
132.9971
133.04663
133.09567
133.14423
133.1923
133.2399
133.28703
133.3337
133.36009
133.38623
133.41211
133.43773
133.46309
133.4882
133.51308
133.5377
133.56209
133.58623
133.61012
133.63379
133.65721
133.6804
133.70337
133.7261
133.74861
133.7709
133.79298
133.81483
133.83647
133.8579
133.8791
133.9001
133.92088
133.88206
133.84363
133.80557
133.7679
133.73059
133.69365
133.65707
133.62086
133.58502
133.54953
133.51439
133.47958
133.44513
133.41101
133.37724
133.34381
133.3107
133.27792
133.24547
133.21333
133.18152
133.15002
133.11884
133.08795
133.05737
133.0271
132.99713
132.96745
132.93806
132.90898
132.88019
132.85167
132.82344
132.79549
132.7678
132.7404
132.71327
132.66661
132.6204
132.57466
132.52936
132.48451
132.44011
132.39615
132.35263
132.30952
132.26685
132.2246
132.18277
132.14136
132.10036
132.05977
132.01958
131.97978
131.94038
131.90137
131.86275
131.8245
131.78662
131.74913
131.712
131.67525
131.63885
131.60283
131.56715
131.53185
131.49687
131.46225
131.42796
131.39401
131.36041
131.32713
131.29419
131.26157
131.22926
131.1973
131.16563
131.1343
131.10327
131.07254
131.04211
131.012
130.98218
130.95265
130.92342
130.89447
130.86581
130.83743
130.80934
130.78152
130.75398
130.72672
130.72943
130.73212
130.73477
130.7374
130.73999
130.74257
130.74512
130.74763
130.75014
130.75261
130.75505
130.75748
130.75989
130.76225
130.7646
130.76694
130.76924
130.75172
130.73439
130.71722
130.70023
130.6834
130.66673
130.65022
130.63388
130.6177
130.60168
130.58582
130.57011
130.55457
130.53918
130.52394
130.50885
130.49391
130.47913
130.46448
130.44997
130.43561
130.42139
130.40732
130.39339
130.3796
130.36594
130.35242
130.33904
130.32578
130.31265
130.29965
130.28677
130.27403
130.26141
130.24893
130.24648
130.24403
130.24162
130.23923
130.23686
130.23453
130.23221
130.2299
130.22763
130.22537
130.22314
130.22093
130.21873
130.21657
130.21443
130.21231
130.2102
130.24773
130.28488
130.32167
130.3581
130.39415
130.42986
130.4652
130.5002
130.53485
130.56917
130.60313
130.63676
130.67007
130.70305
130.73569
130.768
130.8
130.83168
130.82344
130.81528
130.8072
130.79921
130.79129
130.78345
130.7757
130.76802
130.7604
130.75288
130.74542
130.73804
130.73073
130.7235
130.71634
130.70924
130.70222
130.69527
130.68839
130.68158
130.67484
130.66815
130.66154
130.655
130.64851
130.64209
130.63573
130.62943
130.6232
130.61703
130.61092
130.60487
130.59888
130.59294
130.58707
130.58125
130.5755
130.5698
130.56415
130.55856
130.55304
130.54756
130.54214
130.53677
130.53146
130.5262
130.521
130.51584
130.51073
130.50566
130.50066
130.4957
130.49078
130.48592
130.48111
130.47635
130.47163
130.46696
130.46234
130.45776
130.45323
130.44875
130.4443
130.3904
130.33704
130.2842
130.23189
130.16028
130.08939
130.0192
129.9497
129.8809
129.81277
129.74532
129.67853
129.6124
129.54692
129.4821
129.41792
129.35437
129.29146
129.22916
129.16748
129.10641
129.04596
128.9861
128.92683
128.86815
128.81004
128.75252
128.69556
128.63916
128.58333
128.52805
128.47331
128.41911
128.36546
128.31233
128.25974
128.20766
128.1561
128.10504
128.05449
128.00444
127.954895
127.90584
127.85727
127.80917
127.76155
127.71441
127.667725
127.621506
127.575745
127.53044
127.48558
127.44116
127.397194
127.35366
127.310555
127.267876
127.22562
127.18378
127.14236
127.10134
127.06073
127.02053
126.98072
126.94131
126.90228
126.86365
126.8254
126.78752
126.75002
126.77229
126.79435
126.816185
126.83781
126.85921
126.8804
126.90139
126.922165
126.94274
126.96311
126.983284
127.00325
127.023026
127.0426
127.06198
127.08117
127.100174
127.11899
127.13761
127.156044
127.1743
127.192375
127.21027
127.228
127.245544
127.26292
127.28012
127.29714
127.313995
127.33069
127.34721
127.36358
127.379776
127.36611
127.352585
127.339195
127.32594
127.31282
127.29983
127.28696
127.27421
127.2616
127.24911
127.23674
127.224495
127.21237
127.20037
127.188484
127.17672
127.16507
127.153534
127.14211
127.1308
127.119606
127.10852
127.09754
127.08667
127.07591
127.065254
127.05471
127.044266
127.03393
127.02369
127.01356
127.00352
127.052986
127.10197
127.15046
127.19847
127.24601
127.293076
127.339676
127.38582
127.4315
127.47674
127.52152
127.565865
127.60977
127.653244
127.69628
127.73889
127.781075
127.822845
127.8642
127.90515
127.9457
127.98585
128.02559
128.06494
128.1039
128.14247
128.18066
128.21848
128.25592
128.29298
128.3297
128.36604
128.37231
128.37852
128.38467
128.39078
128.39682
128.40279
128.40869
128.41455
128.42035
128.42609
128.43176
128.43738
128.44295
128.44847
128.45393
128.45934
128.46469
128.46999
128.47523
128.48042
128.48557
128.49066
128.49571
128.5007
128.50565
128.51054
128.5154
128.5202
128.52495
128.52965
128.5343
128.48941
128.44496
128.40096
128.35738
128.31422
128.27151
128.22922
128.18735
128.14589
128.10484
128.06421
128.02397
127.98413
127.94469
127.90563
127.86697
127.828674
127.790764
127.75323
127.716064
127.679276
127.642845
127.60677
127.57107
127.535706
127.500694
127.466034
127.43172
127.39774
127.364105
127.330795
127.29781
127.24536
127.19343
127.142006
127.09109
127.04068
126.990776
126.94136
126.89243
126.843994
126.796036
126.74855
126.70154
126.65499
126.6089
126.56327
126.51809
126.47335
126.42906
126.38521
126.34179
126.2988
126.25623
126.21409
126.17237
126.131065
126.090164
126.04967
126.009575
125.96987
125.930565
125.89165
125.86302
125.83467
125.8066
125.77882
125.751305
125.72407
125.6971
125.670395
125.64395
125.617775
125.59186
125.56619
125.54079
125.51563
125.49073
125.46607
125.44166
125.41749
125.393555
125.36986
125.34639
125.32316
125.300156
125.27738
125.25484
125.232506
125.2104
125.188515
125.16685
125.14539
125.124146
125.10311
125.08229
125.061676
125.04127
125.02106
125.001045
124.98123
124.96162
124.9422
124.922966
124.90393
124.88508
124.86642
124.84794
124.82964
124.81152
124.79359
124.775826
124.75825
124.740845
124.7236
124.706535
124.68964
124.67291
124.65635
124.639946
124.6237
124.60763
124.59171
124.57595
124.56034
124.54489
124.5197
124.49475
124.47005
124.445595
124.42138
124.3974
124.373665
124.35016
124.32689
124.30385
124.28104
124.25845
124.2361
124.21397
124.19205
124.17035
124.148865
124.127594
124.10653
124.08568
124.065025
124.044586
124.024345
124.0043
123.98446
123.96481
123.94536
123.9261
123.907036
123.88815
123.86946
123.860855
123.85233
123.843895
123.83554
123.82726
123.81908
123.81096
123.802925
123.79498
123.78711
123.77932
123.7716
123.76396
123.7564
123.74891
123.74149
123.73415
123.72688
123.71969
123.71256
123.705505
123.698524
123.69161
123.68476
123.677986
123.67127
123.66463
123.65805
123.651535
123.64508
123.638695
123.63237
123.5271
123.422874
123.31967
123.21749
123.116325
123.01617
122.91699
122.8188
122.72158
122.62533
122.53003
122.43567
122.34224
122.24974
122.15816
122.06748
121.97771
121.88882
121.80081
121.71368
121.627396
121.54197
121.4574
121.373665
121.29076
121.208664
121.12739
121.04692
120.967255
120.888374
120.81028
120.69335
120.577576
120.46295
120.34946
120.23708
120.125824
120.01566
119.9066
119.798615
119.691696
119.58584
119.48103
119.377266
119.27452
119.17279
119.072075
118.97234
118.87361
118.775856
118.67907
118.58324
118.48835
118.39441
118.3014
118.209305
118.118126
118.02785
117.93847
117.84997
117.762344
117.67559
117.60949
117.54405
117.47926
117.415115
117.3516
117.28871
117.22645
117.164795
117.10376
117.04333
116.9835
116.924255
116.8656
116.80753
116.75003
116.6931
116.63673
116.58092
116.52566
116.47095
116.41678
116.363144
116.31004
116.25746
116.20541
116.15387
116.10284
116.05231
116.00228
115.95276
115.90372
115.85517
115.826904
115.79891
115.7712
115.74377
115.716606
115.689705
115.66308
115.63671
115.6106
115.584755
115.559166
115.53383
115.50874
115.4839
115.45931
115.43497
115.410866
115.387
115.363365
115.339966
115.316795
115.29386
115.27115
115.248665
115.226395
115.20435
115.18253
115.16092
115.13953
115.11835
115.097374
115.14591
115.19397
115.24155
115.28866
115.33531
115.3815
115.42723
115.4725
115.51733
115.56171
115.60565
115.64916
115.69224
115.734886
115.777115
115.81893
115.86033
115.90132
115.9419
115.982086
116.02187
116.061264
116.10026
116.13886
116.17709
116.21494
116.25242
116.28953
116.32627
116.36264
116.39865
116.43431
116.529015
116.62279
116.71563
116.80755
116.89856
116.98867
117.077896
117.16624
117.2537
117.3403
117.42604
117.51093
117.594986
117.67821
117.7606
117.84217
117.922935
118.00291
118.08209
118.160484
118.238106
118.31496
118.39105
118.46639
118.540985
118.61484
118.68796
118.76035
118.83203
118.903
118.97327
119.04283
119.09191
119.14051
119.18862
119.23626
119.283424
119.330124
119.376366
119.42214
119.46746
119.51234
119.55676
119.60075
119.64431
119.68743
119.73013
119.772415
119.81427
119.85571
119.89674
119.93738
119.97761
120.01743
120.05686
120.09591
120.13456
120.17283
120.210724
120.24824
120.285385
120.32216
120.358574
120.39463
120.44022
120.485374
120.53007
120.574326
120.61814
120.66153
120.70449
120.747025
120.78913
120.830826
120.87211
120.91298
120.953445
120.993515
121.03318
121.07246
121.11135
121.14985
121.18797
121.22571
121.26307
121.300064
121.3367
121.37297
121.40888
121.44444
121.479645
121.5145
121.54901
121.58318
121.61701
121.650505
121.66387
121.67709
121.690186
121.703156
121.715996
121.72871
121.741295
121.75376
121.7661
121.77831
121.790405
121.80238
121.81424
121.82598
121.8376
121.849106
121.8605
121.87178
121.88295
121.89401
121.90496
121.9158
121.92654
121.937164
121.94769
121.958115
121.96843
121.97864
121.98875
121.998764
122.008675
122.018486
122.028206
122.008125
121.98824
121.96856
121.949066
121.92976
121.91066
121.89175
121.87302
121.85447
121.83611
121.81793
121.79993
121.782104
121.764465
121.746994
121.7297
121.71257
121.69561
121.67882
121.66219
121.64574
121.62944
121.61331
121.597336
121.58152
121.565865
121.55037
121.53502
121.51982
121.504776
121.489876
121.47512
121.46051
121.396545
121.33321
121.27051
121.20842
121.14695
121.1455
121.14406
121.14264
121.14123
121.13983
121.13845
121.13708
121.13572
121.13438
121.13304
121.13172
121.13042
121.12913
121.12785
121.12659
121.12533
121.12409
121.12286
121.12164
121.12044
121.11925
121.118065
121.1169
121.11574
121.11459
121.11346
121.112335
121.11122
121.11012
121.010025
120.91092
120.81279
120.71564
120.61944
120.52419
120.42989
120.336525
120.24408
120.15256
120.061935
119.97221
119.883385
119.79543
119.70834
119.622116
119.53675
119.452225
119.36854
119.285675
119.203636
119.122406
119.041985
118.96236
118.88352
118.80547
118.72819
118.651665
118.575905
118.5009
118.426636
118.35311
118.28031
118.20823
118.166565
118.12531
118.084465
118.04402
118.00398
117.96434
117.92509
117.88622
117.84774
117.80965
117.77193
117.73458
117.6976
117.66099
117.62474
117.588844
117.553314
117.51813
117.61201
117.70496
117.79699
117.88811
117.978325
118.06764
118.15608
118.243645
118.33034
118.41618
118.50117
118.58532
118.66863
118.75112
118.832794
118.91366
118.91452
118.91537
118.91621
118.91704
118.91786
118.91868
118.91949
118.92028
118.921074
118.92185
118.92263
118.92339
118.92415
118.924904
118.925644
118.926384
118.92712
118.92784
118.92856
118.92926
118.929955
118.93064
118.93133
118.93201
118.932686
118.93335
118.934006
118.934654
118.9353
118.93594
118.936584
118.93721
118.93783
118.938446
118.93906
118.90995
118.88114
118.852615
118.82437
118.79641
118.76872
118.74131
118.714165
118.68729
118.660675
118.63433
118.608246
118.58242
118.556854
118.53154
118.50648
118.48166
118.45709
118.52187
118.58601
118.64952
118.712395
118.77464
118.83627
118.89729
118.95772
119.01754
119.076775
119.13542
119.19348
119.25097
119.307884
119.364235
119.42004
119.47529
119.52999
119.782166
120.03185
120.27907
120.523834
120.766174
121.00611
121.243675
121.47888
121.71177
121.942345
122.17064
122.39667
122.62047
122.84205
123.06144
123.27865
123.49371
123.70664
123.917465
124.1262
124.33287
124.5375
124.7401
124.94069
125.1393
125.33594
125.53063
125.723404
125.91427
126.10323
126.29033
126.47558
126.65899
126.840576
127.02037
127.19839
127.40434
127.60826
127.81016
128.01006
128.20798
128.40395
128.59796
129.01778
129.43344
129.84499
130.25247
130.65591
131.05536
131.45085
131.84242
132.23012
132.61398
132.99405
133.37035
133.74292
134.1118
134.47702
134.83864
135.19667
135.55116
135.90215
136.24965
136.5937
136.93436
137.27164
137.60559
137.93622
138.26358
138.5877
138.90862
139.22635
139.54094
139.85242
139.49745
139.146
138.79802
138.45348
138.11235
137.77461
137.4402
137.10912
136.7813
136.45673
136.13538
135.8172
135.50218
135.19028
134.88145
134.5757
134.27298
133.97325
133.67648
133.38266
133.09174
132.8037
132.51851
132.23615
131.95657
131.56096
131.16927
130.78145
130.39748
130.0173
129.6409
129.26822
128.89923
128.53389
128.17216
127.814026
127.45943
127.10834
126.35479
125.608696
124.869995
124.13861
123.41447
122.69749
121.98762
121.28477
120.588875
119.89988
119.217705
118.54228
117.87355
117.21144
116.555885
115.90682
115.26418
114.6279
113.997925
113.37419
112.75662
112.14517
111.53978
110.94037
110.3469
109.75931
109.17753
108.60152
108.031204
107.46654
106.907455
106.35391
105.805855
105.26323
104.725975
104.19404
103.667366
103.145905
102.69892
102.03854
101.3847
100.73733
100.09636
99.46174
98.833405
98.211296
97.595345
96.98549
96.38167
95.78383
95.19191
94.60586
94.025604
93.451096
92.88227
92.319084
91.76147
91.20937
90.66275
90.12154
89.58568
89.05512
88.52983
88.009735
87.49479
86.98494
86.48014
85.98033
85.48547
84.995514
84.510414
84.030106
83.554565
83.08373
82.61755
82.156
81.699005
81.24654
80.79855
80.355
79.85644
79.36281
78.87407
78.39017
77.91106
77.43669
76.96702
76.5515
76.1401
75.73277
75.329475
74.930176
74.53483
74.143394
73.75584
73.372116
72.992195
72.616035
72.2436
71.87485
71.50975
71.14827
70.79037
70.436005
70.08515
69.73777
69.39383
69.0533
68.71614
68.38232
68.051796
67.72455
67.40054
67.07974
66.76212
66.44765
66.136284
65.828
65.52277
65.220566
64.92136
64.62511
64.32189
64.021675
63.72443
63.430126
63.13874
62.85024
62.564594
62.281776
62.00176
61.724514
61.450012
61.178226
60.909138
60.642708
60.37892
60.117744
59.859154
59.603123
59.34963
59.098644
58.85014
58.6041
58.360497
58.119305
57.8805
57.644062
57.40996
57.17818
56.948692
56.721478
56.496513
56.273777
56.053246
55.8349
55.618713
55.404663
55.192738
54.98291
54.775158
54.56946
54.365807
54.164165
53.96452
53.766853
53.541443
53.318264
53.09729
52.878506
52.66189
52.447414
52.23506
52.024815
51.816647
51.61054
51.40647
51.184624
50.964973
50.7475
50.532177
50.31899
50.10791
49.898922
49.692
49.48713
49.284286
49.083454
48.884605
48.68773
48.4928
48.299805
48.10872
47.919525
47.732204
47.546734
47.363102
47.181286
47.00127
46.82304
46.646576
46.47186
46.29887
46.127598
45.95802
45.790115
45.62388
45.459286
45.296326
45.13498
44.975227
44.81706
44.70996
44.60392
44.49893
44.39498
44.29206
44.19016
44.089268
43.96957
43.85106
43.733723
43.617546
43.502518
43.388634
43.275875
43.16423
43.05369
42.94425
42.835888
42.728603
42.62238
42.517204
42.41307
42.30997
42.207893
42.106827
42.00676
41.90768
41.809586
41.71246
41.6163
41.521088
41.42682
41.33348
41.24107
41.149574
41.058987
40.96929
40.880486
40.792564
40.70551
40.619316
40.533978
40.449482
40.365826
40.282997
40.20099
40.11979
40.039394
40.019203
40.038815
40.05823
40.077457
40.096493
40.115337
40.133995
40.15247
40.170765
40.188877
40.20681
40.224564
40.24214
40.259544
40.276775
40.293835
40.31073
40.327454
40.344013
40.36041
40.37664
40.39271
40.408627
40.42438
40.439983
40.45543
40.470722
40.485863
40.500854
40.515697
40.530396
40.544945
40.55935
40.57361
40.58773
40.60171
40.615555
40.629265
40.642838
40.78499
40.92573
41.065083
41.203053
41.339657
41.47491
41.608826
41.741413
41.872684
42.00266
42.131348
42.25876
42.38491
42.509815
42.702785
42.893845
43.08301
43.27031
43.45575
43.63936
43.821148
44.001137
44.179344
44.35579
44.530487
44.703453
44.874706
45.044266
45.212147
45.378365
45.542934
45.705875
45.867203
46.02693
46.18508
46.341667
46.496696
46.650192
46.80217
47.081356
47.35778
47.631462
47.902435
48.17073
48.436367
48.699375
48.959778
49.217598
49.47287
49.725616
49.975857
50.223618
50.46893
50.71181
50.95229
51.190388
51.426125
51.659527
51.89062
52.119427
52.34597
52.57027
52.792347
53.012226
53.229927
53.445473
53.658886
53.870186
54.07939
54.286526
54.54111
54.793182
55.042755
55.289856
55.534508
55.77674
56.01658
56.254036
56.489147
56.721928
56.952404
57.180595
57.406532
57.63023
57.85171
58.071
58.28812
58.50309
58.71593
58.926666
59.13531
59.341892
59.54643
59.74894
59.949448
60.14797
60.344524
60.539135
60.73182
60.922596
61.111485
61.2985
61.483665
61.666996
61.84851
62.02823
62.206165
62.382343
62.556774
62.729477
62.900475
63.069775
63.2374
63.373665
63.508583
63.642162
63.774418
63.905365
64.03502
64.16338
64.29048
64.41632
64.54091
64.66427
64.7864
64.907326
65.027054
65.1456
65.26297
65.37917
65.49423
65.61805
65.74065
65.86202
65.9822
66.10119
66.218994
66.33564
66.451126
66.565475
66.67869
66.79078
66.901764
67.01164
67.12044
67.22816
67.33481
67.44041
67.57466
67.70759
67.839195
67.9695
68.09851
68.22625
68.35272
68.47794
68.60193
68.724686
68.84622
68.96655
69.08569
69.20366
69.32045
69.43609
69.55058
69.66394
69.77618
69.88731
69.99733
70.10627
70.21413
70.320915
70.42664
70.531334
70.63499
70.73761
70.83922
70.93982
71.03943
71.13805
71.23569
71.33237
71.428085
71.542656
71.6561
71.76842
71.87962
71.98972
72.09873
72.206665
72.31353
72.419334
72.52409
72.627815
72.730515
72.83219
72.93286
73.03254
73.131226
73.228935
73.355385
73.48058
73.60454
73.727264
73.84878
73.969086
74.0882
74.20614
74.32291
74.43852
74.55299
74.66633
74.77854
74.88964
74.99964
75.10856
75.21639
75.32316
75.42887
75.53354
75.63717
75.73977
75.841354
75.94193
76.04152
76.140114
76.23773
76.33439
76.43009
76.52484
76.61866
76.71155
76.80351
76.89456
76.98471
77.073975
77.16235
77.249855
77.33649
77.422264
77.507195
77.59128
77.67454
77.756966
77.838585
77.91939
77.9994
78.07861
78.15704
78.234695
78.311584
78.3877
78.51258
78.63622
78.75864
78.87984
78.99984
79.11865
79.23629
79.35276
79.46808
79.58225
79.6953
79.80723
79.918045
80.02777
80.136406
80.243965
80.350464
80.4559
80.5603
80.663666
80.76601
80.86733
80.96766
81.06699
81.16534
81.2627
81.359116
81.454575
81.54908
81.731766
81.91264
82.09172
82.26903
82.43468
82.598694
82.76108
82.92185
83.08105
83.238655
83.39471
83.54922
83.702194
83.85366
84.003624
84.1521
84.29911
84.444664
84.58878
84.73147
84.872734
85.01261
85.1511
85.28822
85.42398
85.5584
85.69148
85.82325
85.95371
86.082886
86.210785
86.33741
86.46278
86.586914
86.709816
86.8315
86.95197
87.08116
87.20907
87.33572
87.461105
87.58525
87.708176
87.82987
87.95037
88.06967
88.18779
88.30475
88.42054
88.53519
88.6487
88.76109
88.87237
88.98254
89.09162
89.19962
89.30656
89.41243
89.51726
89.62105
89.72381
89.825554
89.92629
90.02603
90.12479
90.22256
90.31937
90.415215
90.51012
90.60408
90.667404
90.7301
90.792175
90.85364
90.91449
90.97475
91.0344
91.09347
91.15195
91.20985
91.26717
91.32394
91.380135
91.435776
91.49086
91.5454
91.5994
91.65288
91.705826
91.75825
91.81015
91.861534
91.91241
91.962776
92.01265
92.06203
92.11092
92.15933
92.20726
92.25471
92.30169
92.348206
92.37446
92.40046
92.406395
92.41228
92.41809
92.42385
92.42955
92.435196
92.44079
92.44633
92.45181
92.457245
92.46262
92.46795
92.47322
92.47844
92.483604
92.488716
92.49378
92.498795
92.50376
92.508675
92.513535
92.51835
92.52312
92.52784
92.53252
92.53715
92.54173
92.546265
92.55076
92.55521
92.55961
92.60358
92.6471
92.6902
92.73288
92.77513
92.816956
92.85837
92.899376
92.93997
92.98017
93.01997
93.05938
93.09839
93.13702
93.17526
93.213135
93.250626
93.28775
93.32451
93.3609
93.39693
93.432594
93.46792
93.50289
93.53751
93.57179
93.605736
93.639336
93.67261
93.70555
93.73817
93.77046
93.83214
93.8932
93.95367
94.01353
94.0728
94.131485
94.18959
94.247116
94.30408
94.36047
94.416306
94.471596
94.52633
94.58052
94.63418
94.68731
94.73991
94.791985
94.843544
94.8946
94.945145
94.99519
95.04475
95.09381
95.14239
95.190475
95.2381
95.28524
95.331924
95.37814
95.423904
95.39991
95.37615
95.35262
95.32933
95.30627
95.28343
95.26082
95.238434
95.21628
95.194336
95.17261
95.1511
95.12981
95.10872
95.087845
95.06717
95.0467
95.026436
95.00637
94.9865
94.966835
94.947365
94.928085
94.909
94.89009
94.871376
94.85285
94.8345
94.81634
94.798355
94.780556
94.762924
94.72566
94.688774
94.652245
94.61609
94.58029
94.544846
94.50974
94.475
94.4406
94.40653
94.3728
94.33941
94.30634
94.27361
94.2412
94.20911
94.17733
94.145874
94.11473
94.083885
94.05335
94.02312
93.99319
93.96355
93.934204
93.90515
93.87639
93.84791
93.81971
93.79179
93.764145
93.76648
93.7688
93.77109
93.77335
93.7756
93.77782
93.780014
93.78219
93.78435
93.78648
93.7886
93.79069
93.792755
93.79481
93.79684
93.79885
93.80084
93.80281
93.80476
93.8067
93.80862
93.81051
93.812386
93.81424
93.81608
93.817894
93.819695
93.82148
93.82325
93.825005
93.82674
93.82845
93.810356
93.79243
93.77468
93.7571
93.7397
93.72247
93.705414
93.68852
93.67181
93.65525
93.63886
93.62264
93.60658
93.590675
93.57493
93.55934
93.54391
93.52862
93.51348
93.49849
93.48365
93.46896
93.45442
93.440025
93.42577
93.41165
93.397675
93.383835
93.37014
93.35657
93.34313
93.35954
93.375786
93.39186
93.40779
93.42356
93.43917
93.45462
93.46992
93.48507
93.50007
93.514915
93.52962
93.544174
93.558586
93.57285
93.58698
93.600975
93.61483
93.62855
93.64212
93.65556
93.66888
93.68205
93.6951
93.708015
93.72081
93.733475
93.74602
93.75843
93.82023
93.88141
93.90238
93.92315
93.923904
93.92466
93.92541
93.92615
93.92688
93.9276
93.928314
93.92902
93.929726
93.93042
93.93111
93.931786
93.932465
93.93313
93.933784
93.93445
93.935104
93.93575
93.936386
93.93702
93.937645
93.93826
93.93887
93.93948
93.94008
93.940674
93.94126
93.94184
93.94242
93.85388
93.76623
93.679436
93.5935
93.508415
93.42418
93.340775
93.25819
93.17642
93.095474
93.01533
92.935974
92.8574
92.77961
92.70258
92.62633
92.55082
92.47606
92.40203
92.32874
92.25618
92.18434
92.11321
92.042786
91.97305
91.904015
91.835655
91.767975
91.700966
91.63462
91.56893
91.5039
91.399895
91.29692
91.19498
91.09404
90.9941
90.89515
90.79717
90.700165
90.604126
90.50903
90.41489
90.32166
90.22937
90.13799
90.047516
89.95794
89.86925
89.78143
89.69449
89.608406
89.52318
89.43879
89.35524
89.27252
89.19061
89.10952
89.02923
88.94973
88.87102
88.79308
88.71593
88.669235
88.62301
88.57723
88.53191
88.487045
88.44261
88.39862
88.35507
88.31195
88.269264
88.227
88.18515
88.14371
88.102684
88.062065
88.02184
87.982025
87.9426
87.903564
87.864914
87.826645
87.78875
87.751236
87.714096
87.67732
87.640915
87.604866
87.56917
87.53383
87.49884
87.464195
87.439804
87.41565
87.39172
87.36804
87.344604
87.321396
87.298416
87.27566
87.25312
87.23082
87.20873
87.18686
87.16521
87.14377
87.12254
87.101524
87.08072
87.06012
87.03972
87.01952
86.99953
86.97974
86.96014
86.94073
86.92151
86.90248
86.883644
86.86499
86.84653
86.82824
86.81014
86.79222
86.74477
86.697784
86.65127
86.60522
86.559616
86.51447
86.46977
86.42552
86.3817
86.33832
86.295364
86.25283
86.210724
86.16903
86.127754
86.08688
86.04642
86.006355
85.96669
85.927414
85.88853
85.85002
85.8119
85.774155
85.736786
85.69979
85.66316
85.62689
85.59099
85.555435
85.52024
85.48539
85.41128
85.3379
85.26525
85.19332
85.1221
85.05158
84.981766
84.91264
84.84421
84.77644
84.70935
84.64293
84.577156
84.51204
84.44756
84.38372
84.32052
84.257935
84.19597
84.13462
84.07388
84.01375
83.95421
83.895256
83.83688
83.77909
83.72187
83.66522
83.60913
83.5536
83.49861
83.44417
83.26155
83.08074
82.901726
82.72449
82.549
82.37525
82.203224
82.03289
81.86425
81.69727
81.53196
81.36827
81.20621
81.045746
80.88688
80.72958
80.573845
80.41965
80.266975
80.11582
79.966156
79.81798
79.671265
79.526
79.38218
79.23978
79.098785
78.95919
78.82098
78.684135
78.55855
78.434204
78.30119
78.169495
78.0391
77.91
77.78218
77.655624
77.53032
77.40626
77.283424
77.161804
77.04139
76.92217
76.80413
76.687256
76.57154
76.45697
76.34354
76.231224
76.120026
76.009926
75.90092
75.79299
75.686134
75.58033
75.47558
75.37186
75.269165
75.16749
75.06682
74.96715
74.86846
74.77075
74.73342
74.69646
74.65986
74.62362
74.58774
74.552216
74.517044
74.48222
74.44775
74.413605
74.37981
74.346344
74.31321
74.2804
74.247925
74.21577
74.18393
74.152405
74.12119
74.09029
74.05969
74.029396
73.9994
73.9697
73.9403
73.91119
73.88236
73.85383
73.82557
73.79759
73.7699
73.74247
73.71532
73.728035
73.74063
73.7531
73.76544
73.777664
73.78977
73.80175
73.813614
73.82536
73.83699
73.84851
73.85991
73.87119
73.88237
73.89343
73.90439
73.91524
73.92598
73.936615
73.94714
73.957565
73.96789
73.9781
73.98822
73.99824
74.008156
74.017975
74.027695
74.03732
74.04685
74.05629
74.065636
74.07488
74.192955
74.30985
74.4256
74.54019
74.653656
74.973915
75.29101
75.60496
75.915794
76.22356
76.528275
76.82998
77.12869
77.424446
77.71728
78.0072
78.29426
78.578476
78.85988
79.1385
79.41435
79.68748
79.95789
80.22564
80.49073
80.7532
81.01307
81.27036
81.52511
81.777336
82.02706
82.274315
82.51913
82.76151
83.0411
83.317924
83.592
83.863365
84.13205
84.39807
84.66145
84.92223
85.180435
85.43608
85.68919
85.93979
86.187904
86.43356
86.676796
86.91762
87.15606
87.392136
87.62588
87.85731
88.08644
88.31331
88.53793
88.76033
88.98053
89.19854
89.41439
89.62811
89.83972
90.04923
90.25666
90.462036
90.665375
90.86671
91.07595
91.28312
91.488235
91.69132
91.892395
92.09148
92.28859
92.48376
92.67699
92.8683
93.057724
93.24527
93.43096
93.61481
93.79684
93.977066
94.15552
94.3322
94.60613
94.87736
95.1459
95.41178
95.675026
95.93567
96.193726
96.44924
96.70222
96.95269
97.200676
97.44621
97.689316
97.930016
98.168335
98.4043
98.65772
98.90864
99.157074
99.40304
99.64657
99.887695
100.126434
100.36281
100.59685
100.82856
101.05798
101.28513
101.51003
101.732704
101.95317
102.17146
102.38759
102.60157
102.81344
103.02321
103.2309
103.43655
103.640144
103.84173
104.04131
104.23892
104.43458
104.628296
104.8201
105.009995
105.19801
105.38418
105.5685
105.750984
105.93167
106.17987
106.42561
106.66892
106.90983
107.14834
107.3845
107.61832
107.84982
108.07903
108.30598
108.53067
108.75314
108.97341
109.19149
109.40742
109.62121
109.832886
110.042465
110.24006
110.4357
110.62941
110.821205
111.01109
111.199104
111.38525
111.56955
111.75203
111.9327
112.11159
112.288704
112.46406
112.63769
112.80959
112.97979
113.1483
113.31515
113.48035
113.64391
113.805855
113.966194
114.12494
114.28212
114.437744
114.59183
114.744385
114.89543
115.04498
115.19305
115.33965
115.4848
115.62852
115.770805
115.91168
116.05117
116.18928
116.32602
116.4614
116.59545
116.728165
116.859566
116.98967
117.118484
117.246025
117.3723
117.49732
117.62112
117.743675
117.86502
117.98517
118.104126
118.2219
118.33852
118.463875
118.588
118.71089
118.832565
118.95304
119.07231
119.19041
119.20833
119.22607
119.24363
119.261024
119.278244
119.29529
119.31217
119.32888
119.34542
119.3618
119.37801
119.39407
119.40997
119.42571
119.4413
119.45673
119.472015
119.48714
119.50212
119.51695
119.53164
119.54618
119.56058
119.57483
119.588936
119.602905
119.616745
119.63045
119.64401
119.65744
119.67073
119.7136
119.75604
119.798065
119.83967
119.88086
119.921646
119.96203
120.002014
120.041595
120.08079
120.1196
120.15802
120.19606
120.23373
120.27102
120.30794
120.3445
120.38069
120.41653
120.452
120.48713
120.52191
120.55635
120.59045
120.62421
120.63783
120.65132
120.66467
120.67789
120.69098
120.70393
120.71677
120.72947
120.74205
120.75451
120.766846
120.77905
120.79114
120.7932
120.79524
120.79727
120.799286
120.80128
120.803246
120.80519
120.80712
120.80903
120.81092
120.81279
120.814644
120.81648
120.8183
120.8201
120.82188
120.82364
120.825386
120.82712
120.828835
120.830536
120.832214
120.83388
120.835526
120.83716
120.83877
120.84036
120.84194
120.843506
120.845055
120.846596
120.848114
120.84962
120.851105
120.85258
120.854034
120.85548
120.85691
120.80882
120.82061
120.83228
120.84385
120.85529
120.86662
120.877846
120.888954
120.899956
120.91084
120.92162
120.9323
120.94286
120.95333
120.96369
120.97395
120.984116
120.99417
121.00413
121.01399
121.02376
121.033424
121.043
121.052475
121.06185
121.071144
121.08034
121.08945
121.09846
121.10738
121.11622
121.12497
121.13364
121.14221
121.1507
121.15911
121.167435
121.175674
121.18384
121.19192
121.19991
121.20783
121.14637
121.08551
121.02525
120.9656
120.90653
120.84805
120.79015
120.812035
120.833694
120.85514
120.87637
120.8974
120.91822
120.938835
120.95924
120.979454
120.99946
121.01927
121.03888
121.0583
121.07752
121.09656
121.11541
121.13407
121.15255
121.17084
121.18895
121.20688
121.22463
121.24221
121.25961
121.27684
121.2939
121.31079
121.327515
121.34408
121.36047
121.3767
121.39277
121.40868
121.42444
121.44003
121.39607
121.35255
121.309456
121.266785
121.22454
121.18272
121.141304
121.1003
121.05971
121.01951
120.97971
120.97002
120.96042
120.95091
120.94149
120.932175
120.92295
120.91381
120.90476
120.895805
120.88693
120.87815
120.86946
120.860855
120.85233
120.843895
120.83554
120.82726
120.81908
120.81096
120.802925
120.79498
120.78711
120.77932
120.7716
120.76396
120.7564
120.74891
120.74149
120.73415
120.72688
120.71969
120.71256
120.705505
120.619316
120.53397
120.44948
120.36582
120.28299
120.20098
120.11978
120.03939
119.95979
119.88098
119.80295
119.69599
119.590096
119.485245
119.38143
119.27865
119.17688
119.07611
118.97635
118.87757
118.77977
118.68294
118.58707
118.49215
118.39817
118.30512
118.213
118.12178
118.03146
117.94205
117.853516
117.765854
117.67906
117.59313
117.50806
117.42382
117.340416
117.25784
117.17608
117.09512
117.01498
116.93562
116.857056
116.77926
116.70223
116.62598
116.53067
116.43631
116.34288
116.250374
116.15878
116.0681
115.97831
115.88942
115.80141
115.714264
115.62799
115.542564
115.457985
115.374245
115.291336
115.20924
115.12797
115.04749
114.96781
114.88892
114.810814
114.733475
114.656906
114.58109
114.506035
114.43172
114.35814
114.28528
114.21314
114.14172
114.07101
114.001
113.93168
113.86305
113.795105
113.72783
113.66122
113.59527
113.52996
113.46531
113.4013
113.33792
113.27517
113.213036
113.15152
113.090614
113.03031
112.970604
112.9907
113.030396
113.069695
113.10861
113.14714
113.18529
113.22305
113.26045
113.29748
113.33414
113.37044
113.40637
113.44195
113.47717
113.51205
113.546585
113.58077
113.614624
113.64815
113.68133
113.71419
113.74672
113.77893
113.810814
113.842384
113.87365
113.90461
113.93526
113.9656
113.995636
114.02538
114.05483
114.08399
114.11287
114.14146
114.169754
114.19778
114.22552
114.25299
114.36929
114.48445
114.598465
114.71135
114.82312
114.933784
115.04336
115.15184
115.25925
115.36559
115.47089
115.575134
115.67835
115.78054
115.85202
115.92279
115.99287
116.06225
116.130936
116.19895
116.26629
116.33296
116.39897
116.46433
116.529045
116.59311
116.65654
116.71935
116.78154
116.84311
116.90407
116.96443
117.02419
117.08336
117.14194
117.199936
117.257355
117.31421
117.37051
117.40644
117.442024
117.47725
117.51212
117.54665
117.58084
117.61469
117.64822
117.6814
117.71426
117.74679
117.779
117.8109
117.842476
117.87374
117.90469
117.93534
117.96568
117.99573
118.02547
118.05492
118.08407
118.112946
118.14153
118.16984
118.19785
118.22559
118.25307
118.280266
118.30719
118.26454
118.22232
118.18052
118.13913
118.09815
118.05758
118.0174
118.126144
118.2338
118.34039
118.44593
118.55042
118.653885
118.756325
118.85775
118.958176
119.057594
119.15604
119.2535
119.350006
119.44556
119.54015
119.63382
119.726555
119.81837
119.90928
119.99928
120.0884
120.176636
120.264
120.3505
120.436134
120.52092
120.604866
120.68798
120.77028
120.85177
120.93244
121.01232
121.09141
121.16971
121.24724
121.324
121.4495
121.57376
121.69679
121.81861
121.939224
122.05864
122.17687
122.29394
122.409836
122.52459
122.63821
122.750694
122.862076
122.97236
123.08155
123.18966
123.29669
123.402664
123.50759
123.60157
123.694626
123.78676
123.877975
123.96829
124.05772
124.146255
124.23392
124.32071
124.40665
124.49173
124.575966
124.65937
124.74196
124.82372
124.90467
124.98482
125.054276
125.12305
125.19114
125.25856
125.32531
125.391396
125.456825
125.52161
125.58575
125.64925
125.71213
125.77438
125.83602
125.89706
125.95749
126.01732
126.076546
126.13519
126.19326
126.250755
126.30768
126.36404
126.41984
126.47508
126.52978
126.58394
126.63756
126.69065
126.743225
126.79527
126.8468
126.89782
126.94834
126.99836
127.04788
127.0276
127.00753
126.987656
126.96798
126.948494
126.92921
126.91011
126.8912
126.872475
126.85393
126.83557
126.81739
126.7994
126.781586
126.76394
126.74647
126.72917
126.79126
126.85273
126.9136
126.973854
127.03352
127.0926
127.151085
127.20899
127.266335
127.323105
127.37931
127.43496
127.49006
127.54461
127.598625
127.6521
127.70505
127.75748
127.74008
127.72285
127.705795
127.6889
127.67219
127.65563
127.639244
127.62302
127.60695
127.59104
127.575294
127.55969
127.54424
127.528946
127.51381
127.49882
127.48398
127.469284
127.45474
127.440346
127.42608
127.41196
127.39797
127.384125
127.370415
127.35684
127.343414
127.33012
127.31695
127.3039
127.29099
127.27821
127.26556
127.25303
127.17131
127.09041
127.01031
126.93099
126.85247
126.77473
126.69775
126.62153
126.546074
126.47136
126.397385
126.32414
126.251625
126.179825
126.108734
126.038345
125.968666
125.899666
125.83135
125.76371
125.69675
125.63045
125.564804
125.49981
125.43545
125.371735
125.308655
125.24619
125.18435
125.18252
125.18071
125.178925
125.177155
125.1457
125.114555
125.08372
125.05319
125.022964
124.99304
124.96341
124.93407
124.905014
124.87624
124.84776
124.819565
124.79164
124.764
124.73664
124.70955
124.682724
124.656166
124.62986
124.60383
124.57805
124.55252
124.527245
124.50222
124.47744
124.45291
124.42863
124.40458
124.380775
124.3572
124.33386
124.31076
124.28788
124.29493
124.30191
124.30882
124.31566
124.32243
124.32914
124.335785
124.34236
124.34888
124.35532
124.3617
124.36802
124.374275
124.38047
124.386604
124.39268
124.39869
124.40465
124.410545
124.41638
124.422165
124.42789
124.433556
124.43916
124.44471
124.4502
124.45565
124.461044
124.466385
124.47167
124.4769
124.48207
124.4872
124.52198
124.55642
124.59051
124.62427
124.65769
124.69079
124.72356
124.756
124.78812
124.819916
124.851395
124.88257
124.91344
124.944
124.97426
125.00422
125.03388
125.063255
125.09233
125.121124
125.14963
125.17785
125.205795
125.23346
125.26085
125.28797
125.31482
125.34141
125.36773
125.39378
125.419586
125.44514
125.44073
125.436356
125.36273
125.28983
125.21766
125.146194
125.07544
125.00539
124.93603
124.867355
124.79936
124.73205
124.6654
124.5994
124.534065
124.46937
124.40531
124.341896
124.279106
124.216934
124.15538
124.09444
124.034096
123.97435
123.91519
123.85663
123.798645
123.741234
123.68439
123.628105
123.57238
123.51721
123.46258
123.40849
123.35495
123.30193
123.249435
123.19746
123.146
123.095055
123.04461
122.99466
122.945206
122.89624
122.84776
122.79977
122.75224
122.70519
122.65861
122.61248
122.56681
122.52159
122.47682
122.4325
122.38861
122.34516
122.30215
122.25955
122.21738
122.17561
122.13427
122.09334
122.05281
122.01269
122.01256
122.012436
122.01231
122.012184
122.01207
122.01195
122.011826
122.01171
122.0116
122.01149
122.01138
122.01128
122.01117
122.01106
122.010956
122.01085
122.01074
122.010635
122.01053
122.01042
122.010315
122.01021
122.0101
122.009995
122.00989
122.00979
122.00969
122.00959
122.0095
122.00941
122.00931
122.00922
122.009125
122.00903
122.00894
122.00886
122.008766
122.00868
122.0086
122.00851
122.00842
122.00833
122.00825
122.00817
122.008095
122.00802
122.007935
122.00785
122.007774
122.0077
122.00762
122.007545
122.00748
122.00741
122.00734
122.00727
122.0072
122.00713
122.00706
122.00699
122.00692
122.00686
122.00679
122.00672
122.04626
122.0854
122.12416
122.16254
122.20053
122.238144
122.27539
122.31227
122.348785
122.38494
122.42073
122.45617
122.49126
122.526
122.560394
122.594444
122.62816
122.66154
122.69459
122.72732
122.75972
122.7918
122.82356
122.85501
122.88615
122.91697
122.947495
122.977715
123.00764
123.03726
123.0666
123.07584
123.08499
123.09405
123.10301
123.11189
123.12069
123.1294
123.13802
123.14656
123.155014
123.163376
123.17166
123.17986
123.18798
123.19602
123.20399
123.21187
123.219666
123.227394
123.23504
123.242615
123.250114
123.257545
123.2649
123.27218
123.27938
123.28652
123.29359
123.300575
123.3075
123.314354
123.321144
123.268456
123.21629
123.16464
123.1135
123.062874
123.01274
122.96311
122.91398
122.86532
122.817154
122.76946
122.722244
122.67549
122.629196
122.58337
122.53799
122.49306
122.44857
122.404526
122.360916
122.31774
122.274994
122.232666
122.19076
122.14927
122.108185
122.067505
122.02723
121.98735
121.947876
121.90878
121.84038
121.77265
121.7056
121.639206
121.57347
121.508385
121.44395
121.38014
121.31698
121.25444
121.19252
121.13121
121.0705
121.01041
120.950905
120.89199
120.83366
120.775894
120.71871
120.66209
120.60603
120.55053
120.495575
120.44116
120.38729
120.333954
120.28114
120.22885
120.17708
120.125824
120.00576
119.9265
119.86781
119.809715
119.7522
119.695244
119.638855
119.58303
119.52775
119.473015
119.41883
119.36517
119.31206
119.25947
119.2074
119.155846
119.104805
119.05426
119.00422
118.95467
118.905624
118.857056
118.80896
118.76135
118.7142
118.66753
118.621315
118.57556
118.530266
118.48541
118.441
118.39703
118.3436
118.29069
118.238304
118.18644
118.135086
118.08424
118.03391
117.98408
117.93474
117.88588
117.8375
117.789604
117.74218
117.69523
117.648735
117.60271
117.55714
117.51202
117.46734
117.4231
117.37931
117.335945
117.293015
117.25051
117.20842
117.16675
117.125496
117.08465
117.044205
117.004166
116.96452
116.92527
116.8468
116.769104
116.69218
116.61602
116.54061
116.46596
116.39204
116.318855
116.24639
116.17464
116.1036
116.03327
115.96364
115.8947
115.82643
115.75885
115.691925
115.62566
115.56007
115.49512
115.43081
115.36714
115.3041
115.241684
115.17988
115.1187
115.05812
114.998146
114.93876
114.87996
114.82175
114.6948
114.569115
114.444664
114.32146
114.19946
114.078674
113.95908
113.840675
113.72344
113.60736
113.49244
113.378654
113.26599
113.15445
113.044014
112.93467
112.8264
112.71921
112.613075
112.507996
112.40396
112.30096
112.19897
112.097984
111.99801
111.89902
111.801
111.703964
111.60789
111.512764
111.41858
111.34512
111.2724
111.2004
111.12911
111.058525
110.98864
110.91945
110.850945
110.78312
110.71596
110.64946
110.583626
110.51844
110.453896
110.39
110.32674
110.2641
110.20208
110.14067
110.07987
110.01968
109.960075
109.90107
109.84265
109.784805
109.72753
109.67082
109.61467
109.559074
109.50403
109.44953
109.39558
109.46097
109.52571
109.58981
109.65328
109.71612
109.77833
109.83993
109.900925
109.96131
110.021095
110.08029
110.1389
110.19693
110.25439
110.31127
110.36759
110.423355
110.47858
110.53324
110.58737
110.64096
110.694016
110.74655
110.79857
110.85007
110.901054
110.95154
111.001526
111.05101
111.100006
111.14852
111.196556
111.27381
111.3503
111.42604
111.50104
111.57528
111.648796
111.72158
111.79365
111.865005
111.93565
112.0056
112.074844
112.14341
112.211296
112.27851
112.34506
112.41095
112.47619
112.54079
112.604744
112.66807
112.73076
112.79283
112.85429
112.91514
112.97538
113.035034
113.0941
113.15257
113.210464
113.26779
113.32455
113.271835
113.21964
113.16796
113.11679
113.066124
113.01596
112.96629
112.917114
112.86842
112.82023
112.7725
112.72525
112.67847
112.63215
112.58629
112.54088
112.49592
112.4514
112.407326
112.363686
112.32048
112.2777
112.23535
112.19342
112.1519
112.110794
112.07009
112.02979
111.9899
111.9504
111.98059
112.01048
111.980675
111.951164
111.92194
111.89301
111.86437
111.83601
111.80794
111.780136
111.75261
111.72536
111.69838
111.67166
111.64521
111.619026
111.593094
111.56742
111.542
111.51683
111.491905
111.46723
111.44281
111.418625
111.39468
111.37097
111.3475
111.32426
111.30125
111.278465
111.255905
111.233574
111.21146
111.18956
111.167885
111.146416
111.12517
111.104126
111.08329
111.06267
111.042244
111.022026
111.002
110.98218
110.962555
110.94313
110.9239
110.90485
110.88599
110.86731
110.848816
110.83051
110.81239
110.79445
110.77669
110.7591
110.741684
110.724434
110.70736
110.69046
110.67372
110.65715
110.64074
110.6245
110.608406
110.59248
110.57671
110.5908
110.60475
110.61857
110.63224
110.645775
110.65918
110.672455
110.68559
110.69861
110.7115
110.72426
110.73689
110.7494
110.76178
110.77404
110.78618
110.7982
110.810104
110.82189
110.83356
110.8451
110.85653
110.86785
110.87906
110.89016
110.901146
110.912025
110.92279
110.93346
110.944016
110.95447
110.96482
110.975075
111.07433
111.17261
111.269905
111.36624
111.41212
111.45754
111.50252
111.54705
111.59114
111.634796
111.67802
111.72081
111.763176
111.80512
111.84666
111.88778
111.9285
111.96881
112.00872
112.04824
112.08737
112.126114
112.16447
112.20244
112.24004
112.27727
112.314125
112.35062
112.38675
112.42252
112.45794
112.49301
112.52773
112.601715
112.67497
112.7475
112.819305
112.8904
112.96079
113.03049
113.099495
113.167816
113.23546
113.30244
113.36875
113.4344
113.49941
113.563774
113.627495
113.69058
113.75305
113.814896
113.87613
113.93677
113.9968
114.056244
114.11509
114.173355
114.23105
114.28816
114.34472
114.40071
114.456154
114.51104
114.565384
114.61919
114.67246
114.675705
114.67892
114.6821
114.68525
114.68837
114.69145
114.69451
114.69753
114.70052
114.70349
114.70643
114.709335
114.71221
114.71506
114.71788
114.72067
114.72344
114.72617
114.72888
114.64246
114.55689
114.472176
114.3883
114.30525
114.22302
114.14161
114.061005
113.98119
113.90217
113.82393
113.74646
113.66977
113.59383
113.51864
113.4442
113.380394
113.317215
113.25467
113.19274
113.13143
113.070724
113.01062
112.95111
112.89219
112.83385
112.776085
112.718895
112.66228
112.60622
112.55071
112.49576
112.441345
112.387474
112.33413
112.28132
112.22903
112.17725
112.126
112.07524
112.024994
111.975235
111.92597
111.877205
111.82892
111.781105
111.733765
111.6869
111.64049
111.59454
111.54905
111.55352
111.55794
111.56232
111.56665
111.57094
111.57519
111.57939
111.58356
111.58768
111.59176
111.5958
111.5998
111.60377
111.60769
111.61157
111.61542
111.619225
111.6527
111.685844
111.71865
111.751144
111.78331
111.81516
111.8467
111.87792
111.90883
111.93943
111.969734
111.99974
112.02944
112.05885
112.087975
112.11681
112.14536
112.17362
112.20161
112.17981
112.158226
112.136856
112.1157
112.09476
112.07401
112.05348
112.03316
112.01302
111.993095
111.973366
111.953835
111.934494
111.91534
111.89637
111.877594
111.85901
111.8406
111.82237
111.80433
111.78646
111.768776
111.75127
111.73393
111.71677
111.69977
111.68294
111.666275
111.64978
111.63345
111.61729
111.60127
111.58542
111.569725
111.554184
111.538795
111.44436
111.350845
111.25827
111.1666
111.07584
110.98598
110.897
110.87822
110.85963
110.84122
110.82299
110.80494
110.78707
110.76938
110.751854
110.73451
110.71734
110.70033
110.683495
110.666824
110.65032
110.63398
110.617805
110.60178
110.58593
110.57023
110.55468
110.53928
110.52405
110.50896
110.49402
110.47923
110.464584
110.45008
110.43572
110.42151
110.40743
110.39349
110.3698
110.34633
110.3231
110.300095
110.27732
110.254776
110.23245
110.21035
110.18847
110.1668
110.14534
110.1241
110.10307
110.08225
110.06164
110.04123
110.02102
110.00101
109.98119
109.96158
109.94216
109.92293
109.90389
109.88505
109.91589
109.946434
109.97667
110.00661
110.03625
110.0656
110.09465
110.12341
110.1519
110.1801
110.208015
110.235664
110.26303
110.29012
110.16844
110.04796
109.92867
109.81057
109.69363
109.57784
109.46321
109.34972
109.23734
109.12608
109.01592
108.90685
108.79887
108.69195
108.58608
108.48127
108.377495
108.27474
108.17302
108.072296
107.97257
107.87383
107.77607
107.67928
107.58345
107.48856
107.394615
107.301605
107.2095
107.11832
107.02804
106.93865
106.85015
106.76252
106.67576
106.58987
106.504814
106.42061
106.40654
106.28371
106.16209
106.04167
105.92245
105.804405
105.68753
105.57181
105.45724
105.343796
105.23148
105.120285
105.01018
104.90116
104.79323
104.68637
104.58056
104.4758
104.37208
104.26939
104.16771
104.06703
103.96736
103.868675
103.770966
103.674225
103.578445
103.48361
103.38972
103.29675
103.20471
103.11357
103.02334
102.934
102.845535
102.75796
102.67125
102.585396
102.5004
102.41624
102.33291
102.250404
102.12911
102.00902
101.890114
101.77239
101.65584
101.540436
101.42618
101.30315
101.18133
101.06072
100.94131
100.823074
100.70602
100.59011
100.47536
100.36174
100.249245
100.13787
100.027596
99.91841
99.8103
99.70327
99.5973
99.49237
99.38849
99.28563
99.183784
99.08296
98.98313
98.88429
98.78643
98.68953
98.5936
98.49861
98.404564
98.31145
98.21925
98.127975
98.037605
97.94813
97.85953
97.77181
97.71467
97.65809
97.602066
97.54661
97.49169
97.43732
97.38348
97.33018
97.277405
97.22515
97.173416
97.142
97.11089
97.080086
97.04959
97.019394
96.9895
96.9599
96.930595
96.90158
96.872856
96.844406
96.81624
96.78835
96.76074
96.733406
96.706345
96.67955
96.65302
96.62676
96.60075
96.575005
96.54951
96.52427
96.499275
96.47453
96.45003
96.42577
96.40176
96.377975
96.35443
96.33112
96.308044
96.285194
96.30217
96.31898
96.33562
96.3521
96.368416
96.384575
96.400566
96.416405
96.43208
96.4476
96.46297
96.43858
96.41444
96.390526
96.36686
96.34342
96.32021
96.29724
96.2745
96.25198
96.22968
96.20761
96.18575
96.16411
96.142685
96.12147
96.100464
96.07967
96.05909
96.038704
96.01852
95.99853
95.97874
95.95915
95.93975
95.92054
95.90152
95.8827
95.86405
95.8456
95.827324
95.809235
95.79133
95.77359
95.756035
95.73865
95.721436
95.70439
95.68752
95.670815
95.65427
95.637886
95.62167
95.50661
95.392685
95.279884
95.1682
95.05762
94.948135
94.83974
94.732414
94.62615
94.52094
94.41678
94.313644
94.211525
94.11042
94.010315
93.9112
93.81307
93.71592
93.61972
93.524475
93.43017
93.3368
93.244354
93.152824
93.0622
92.97248
92.883644
92.795685
92.708595
92.62237
92.536995
92.45247
92.36878
92.28592
92.20388
92.12265
92.04222
91.96259
91.88376
91.8057
91.72842
91.6519
91.57614
91.50113
91.426865
91.35333
91.280525
91.20844
91.13708
91.066414
90.99645
90.927185
90.858604
90.790695
90.72346
90.65689
90.59099
90.52573
90.46111
90.39714
90.3338
90.27109
90.20899
90.14752
90.086655
90.02639
89.96672
89.90764
89.849144
89.79123
89.733894
89.677124
89.62092
89.56526
89.51016
89.45561
89.401596
89.348114
89.295166
89.24274
89.299736
89.35618
89.41206
89.467384
89.52216
89.5764
89.6301
89.683266
89.7359
89.78802
89.83962
89.89071
89.9413
89.99139
90.04098
90.09007
90.13868
90.18681
90.234474
90.281654
90.32837
90.374626
90.420425
90.465775
90.510666
90.555115
90.59913
90.6427
90.68584
90.72855
90.77084
90.81271
90.85417
90.89522
90.93586
90.9761
91.01594
91.05538
91.09444
91.1628
91.2305
91.29752
91.363884
91.42959
91.494644
91.55906
91.62283
91.685974
91.74849
91.81038
91.871666
91.93235
91.99243
92.05191
92.11081
92.16912
92.22685
92.28401
92.34061
92.39664
92.45212
92.50705
92.56144
92.61528
92.668594
92.72138
92.77365
92.8254
92.87663
92.83825
92.80025
92.76262
92.725365
92.68848
92.651955
92.6158
92.6097
92.60367
92.597694
92.591774
92.585915
92.58012
92.57437
92.56869
92.563065
92.557495
92.55198
92.54652
92.5411
92.53574
92.53044
92.525185
92.51999
92.51484
92.50974
92.5047
92.4997
92.49476
92.48986
92.485016
92.48022
92.475464
92.470764
92.4661
92.46149
92.45692
92.45239
92.447914
92.443474
92.43909
92.43474
92.430435
92.44598
92.461365
92.4766
92.491684
92.506615
92.5214
92.53603
92.55053
92.56488
92.579094
92.59316
92.60709
92.62088
92.63454
92.64806
92.66145
92.674706
92.68783
92.70082
92.69388
92.687004
92.6802
92.67346
92.66679
92.66019
92.65365
92.64718
92.64077
92.63443
92.62815
92.62193
92.615776
92.60967
92.60363
92.59766
92.591736
92.59578
92.599785
92.603745
92.607666
92.61155
92.6154
92.61921
92.62298
92.62671
92.6304
92.634056
92.63767
92.641266
92.64482
92.64834
92.651825
92.65527
92.65868
92.66206
92.665405
92.668724
92.672
92.67524
92.67846
92.68164
92.68479
92.68791
92.691
92.69407
92.6971
92.700096
92.703064
92.70601
92.708916
92.7118
92.69485
92.67806
92.66145
92.645004
92.628716
92.61259
92.59662
92.58081
92.56516
92.54967
92.534325
92.519135
92.50409
92.4892
92.47446
92.459854
92.475105
92.490204
92.50515
92.51994
92.53459
92.549095
92.56345
92.57768
92.59177
92.60571
92.619514
92.63318
92.64671
92.66011
92.67337
92.6865
92.69951
92.71239
92.72513
92.72785
92.730545
92.733215
92.735855
92.73847
92.741066
92.74363
92.74617
92.74869
92.75118
92.75365
92.75608
92.7585
92.76089
92.76326
92.7656
92.76793
92.770226
92.7725
92.77475
92.77698
92.77918
92.781364
92.78353
92.785675
92.787796
92.789894
92.79197
92.79403
92.796074
92.798096
92.800095
92.80208
92.80404
92.85549
92.906425
92.956856
93.00679
93.05623
93.10518
93.15364
93.20163
93.24914
93.29618
93.34275
93.38886
93.434525
93.47972
93.524475
93.56879
93.61266
93.656105
93.69911
93.74169
93.78385
93.82559
93.86693
93.907845
93.94836
93.98847
94.0282
94.06753
94.10647
94.154915
94.20288
94.250374
94.29739
94.32415
94.35065
94.37688
94.40285
94.428566
94.454025
94.47923
94.50419
94.5289
94.55336
94.57758
94.60157
94.62532
94.648834
94.67212
94.69517
94.71799
94.740585
94.762955
94.78511
94.80704
94.82875
94.85025
94.87154
94.89261
94.913475
94.934135
94.95458
94.97483
94.99489
95.01475
95.0344
95.05386
95.11274
95.171036
95.228745
95.28588
95.34245
95.39847
95.453926
95.508835
95.56321
95.61704
95.670334
95.7231
95.775345
95.82707
95.87829
95.929
95.97921
96.02892
96.07815
96.12688
96.175125
96.2229
96.270195
96.317024
96.36339
96.409294
96.45475
96.49975
96.544304
96.588425
96.6321
96.67535
96.71816
96.94868
97.17691
97.402885
97.62662
97.84814
98.06746
98.284615
98.499626
98.7125
98.92326
99.13194
99.338554
99.54312
99.74567
99.946205
100.14475
100.34134
100.53598
100.72869
100.919495
101.108406
101.295456
101.48065
101.66402
101.84556
102.02531
102.20327
102.37948
102.55394
102.72667
102.89769
103.06702
103.20496
103.341545
103.417366
103.49244
103.56677
103.64037
103.71324
103.785385
103.85681
103.92754
103.99757
104.0669
104.13555
104.203514
104.270805
104.337425
104.40339
104.468704
104.53337
104.5974
104.66078
104.72355
104.78569
104.84722
104.908134
104.96845
105.028175
105.0873
105.14584
105.203804
105.2612
105.31802
105.28518
105.25265
105.22044
105.18855
105.15698
105.125725
105.09477
105.06413
105.03379
105.00375
104.97401
104.94456
104.915405
104.88654
104.85796
104.829666
104.80165
104.77391
104.746445
104.71925
104.69234
104.66568
104.63929
104.61316
104.58729
104.56167
104.53631
104.5112
104.486336
104.46172
104.43735
104.41321
104.419014
104.42477
104.43046
104.4361
104.44167
104.4472
104.45267
104.458084
104.463455
104.46877
104.47403
104.47924
104.4844
104.4895
104.49455
104.49956
104.50452
104.509415
104.514275
104.51909
104.52385
104.528564
104.53323
104.53786
104.542435
104.54696
104.551445
104.555885
104.56029
104.56464
104.56895
104.57321
104.61704
104.66044
104.70341
104.74595
104.78806
104.829765
104.871056
104.911934
104.95241
104.992485
105.03216
105.07144
105.110344
105.14885
105.18698
105.22473
105.26211
105.29912
105.33576
105.37204
105.40796
105.44353
105.47874
105.5136
105.54812
105.58229
105.616135
105.649635
105.68281
105.71565
105.74817
105.78036
105.70333
105.62706
105.551544
105.476776
105.40275
105.32945
105.25688
105.185036
105.1139
105.043465
104.97373
104.904686
104.83633
104.76864
104.70163
104.63528
104.56958
104.50453
104.44013
104.37637
104.31325
104.25075
104.188866
104.127594
104.066925
104.00686
103.94738
103.8885
103.83019
103.77247
103.71532
103.60922
103.50417
103.40017
103.297195
103.195244
103.0943
102.994354
102.8954
102.797424
102.70042
102.60438
