114.0 107.0 39.0 260.0
140.0 132.0 70.0 342.0
137.0 131.0 69.0 337.0
136.0 125.0 61.0 322.0
158.0 148.0 95.0 401.0
110.0 102.0 53.0 265.0
110.0 102.0 53.0 265.0
74.0 66.0 27.0 167.0
80.0 73.0 21.0 174.0
84.0 78.0 30.0 192.0
95.0 83.0 31.0 209.0
92.0 78.0 29.0 199.0
107.0 94.0 42.0 243.0
110.0 96.0 31.0 237.0
107.0 96.0 30.0 233.0
100.0 91.0 24.0 215.0
106.0 95.0 39.0 240.0
95.0 78.0 34.0 207.0
94.0 73.0 28.0 195.0
83.0 61.0 14.0 158.0
78.0 56.0 6.0 140.0
127.0 113.0 52.0 292.0
145.0 136.0 71.0 352.0
151.0 133.0 59.0 343.0
226.0 219.0 129.0 574.0
255.0 255.0 210.0 720.0
224.0 215.0 140.0 579.0
161.0 149.0 77.0 387.0
186.0 183.0 106.0 475.0
149.0 141.0 66.0 356.0
185.0 166.0 100.0 451.0
178.0 160.0 96.0 434.0
141.0 131.0 59.0 331.0
121.0 109.0 57.0 287.0
136.0 122.0 61.0 319.0
114.0 102.0 52.0 268.0
130.0 115.0 58.0 303.0
137.0 121.0 61.0 319.0
150.0 132.0 70.0 352.0
103.0 84.0 26.0 213.0
117.0 108.0 69.0 294.0
146.0 139.0 87.0 372.0
130.0 123.0 71.0 324.0
34.0 28.0 0.0 62.0
34.0 28.0 0.0 62.0
22.0 15.0 0.0 37.0
23.0 15.0 2.0 40.0
33.0 19.0 6.0 58.0
39.0 28.0 0.0 67.0
160.0 150.0 114.0 424.0
60.0 48.0 10.0 118.0
65.0 51.0 6.0 122.0
65.0 51.0 6.0 122.0
67.0 54.0 2.0 123.0
93.0 72.0 9.0 174.0
229.0 198.0 105.0 532.0
211.0 189.0 80.0 480.0
59.0 40.0 8.0 107.0
25.0 14.0 0.0 39.0
53.0 44.0 11.0 108.0
53.0 44.0 11.0 108.0
188.0 175.0 96.0 459.0
153.0 128.0 46.0 327.0
255.0 233.0 147.0 635.0
219.0 210.0 131.0 560.0
209.0 197.0 115.0 521.0
172.0 161.0 81.0 414.0
178.0 169.0 92.0 439.0
159.0 142.0 73.0 374.0
159.0 142.0 73.0 374.0
159.0 142.0 73.0 374.0
159.0 142.0 73.0 374.0
175.0 161.0 86.0 422.0
136.0 106.0 46.0 288.0
157.0 125.0 68.0 350.0
153.0 122.0 67.0 342.0
139.0 115.0 55.0 309.0
116.0 98.0 36.0 250.0
114.0 99.0 32.0 245.0
127.0 119.0 54.0 300.0
