42.0 35.0 16.0 93.0
48.0 37.0 15.0 100.0
50.0 41.0 10.0 101.0
42.0 37.0 8.0 87.0
57.0 53.0 28.0 138.0
49.0 47.0 22.0 118.0
54.0 49.0 27.0 130.0
49.0 49.0 41.0 139.0
54.0 54.0 42.0 150.0
54.0 51.0 44.0 149.0
55.0 52.0 43.0 150.0
55.0 52.0 43.0 150.0
48.0 44.0 33.0 125.0
85.0 77.0 64.0 226.0
176.0 171.0 133.0 480.0
255.0 255.0 244.0 754.0
254.0 255.0 250.0 759.0
255.0 255.0 245.0 755.0
253.0 252.0 248.0 753.0
250.0 246.0 221.0 717.0
252.0 248.0 219.0 719.0
255.0 254.0 233.0 742.0
254.0 254.0 242.0 750.0
255.0 254.0 245.0 754.0
255.0 253.0 238.0 746.0
255.0 255.0 240.0 750.0
253.0 254.0 238.0 745.0
255.0 254.0 234.0 743.0
255.0 254.0 234.0 743.0
248.0 245.0 212.0 705.0
255.0 249.0 216.0 720.0
190.0 167.0 115.0 472.0
165.0 134.0 90.0 389.0
255.0 248.0 218.0 721.0
249.0 243.0 185.0 677.0
170.0 149.0 86.0 405.0
88.0 78.0 42.0 208.0
50.0 44.0 8.0 102.0
44.0 34.0 9.0 87.0
39.0 32.0 13.0 84.0
47.0 34.0 15.0 96.0
46.0 35.0 15.0 96.0
49.0 44.0 24.0 117.0
52.0 42.0 17.0 111.0
49.0 34.0 11.0 94.0
55.0 40.0 9.0 104.0
102.0 72.0 10.0 184.0
252.0 245.0 191.0 688.0
255.0 254.0 235.0 744.0
255.0 255.0 236.0 746.0
254.0 254.0 230.0 738.0
254.0 252.0 229.0 735.0
248.0 246.0 223.0 717.0
255.0 255.0 237.0 747.0
255.0 255.0 240.0 750.0
254.0 251.0 216.0 721.0
243.0 233.0 182.0 658.0
216.0 191.0 134.0 541.0
248.0 240.0 191.0 679.0
234.0 226.0 190.0 650.0
254.0 254.0 230.0 738.0
251.0 240.0 194.0 685.0
255.0 249.0 221.0 725.0
253.0 251.0 210.0 714.0
234.0 220.0 159.0 613.0
255.0 253.0 224.0 732.0
186.0 171.0 148.0 505.0
77.0 59.0 47.0 183.0
52.0 46.0 24.0 122.0
