0 0
0 0
0 0
0 0
0 0
0 0
0 0
0 0
0 0
0 0
0 0
0 0
0 0
0 0
0 0
0 0
0 0
0 0
0 0
0 0
0 0
0 0
0 0
0 0
0 0
0 0
0 0
0 0
0 0
0 0
0 0
0 0
0 0
0 0
0 0
0 0
0 0
0 0
0 0
0 0
0 0
0 0
0 0
0 0
0 0
0 0
0 0
0 0
0 0
0 0
0 0
0 0
0 0
0 0
0 0
0 0
0 0
0 0
0 0
0 0
0 0
0 0
0 0
0 0
0 0
0 0
0 0
0 0
0 0
0 0
0 0
0 0
0 0
0 0
0 0
0 0
0 0
0 0
0 0
0 0
0 0
0 0
0 0
0 0
0 0
0 0
0 0
0 0
0 0
0 0
0 0
0 0
0 0
0 0
0 0
0 0
0 0
0 0
0 0
34 84
51 89
51 89
51 89
51 89
51 89
57 93
69 94
102 93
122 86
143 83
191 77
230 76
239 75
271 69
310 66
342 62
390 59
452 42
468 38
478 36
497 30
504 29
519 26
533 23
533 23
533 23
535 21
535 20
536 19
537 19
537 19
537 19
537 18
537 18
537 18
537 18
537 18
537 18
537 18
537 18
537 18
537 18
537 18
537 18
537 18
537 18
537 18
537 18
537 18
537 18
537 18
537 18
537 18
537 18
537 18
537 18
537 18
537 18
537 18
537 18
537 18
537 18
537 18
537 18
537 18
537 18
537 18
537 18
537 18
537 18
537 18
537 18
537 18
537 18
537 18
537 18
537 18
537 18
537 18
537 18
537 18
537 18
537 18
536 18
533 18
529 19
521 23
512 25
492 33
476 41
463 49
440 68
391 106
365 122
356 130
346 143
323 157
304 163
295 167
292 167
288 171
283 173
277 174
275 175
274 176
274 176
274 176
274 176
272 176
272 176
272 176
272 176
272 176
272 176
272 176
272 176
272 176
272 176
272 176
272 176
272 176
272 176
272 176
272 176
272 176
272 176
272 176
272 176
272 176
272 176
272 176
272 176
272 176
272 176
272 176
272 176
272 176
272 176
272 176
272 176
272 176
272 176
272 176
272 176
272 176
272 176
272 176
272 176
272 176
272 176
272 176
272 176
272 176
272 176
272 176
272 176
272 176
272 176
272 176
272 176
272 176
272 176
272 176
272 176
272 176
272 176
272 176
272 176
272 177
272 177
272 177
272 177
